mx = [];
my = [];
mx = [mx 6.38282];
my = [my 7.95047];
mx = [mx 6.38856];
my = [my 7.974];
mx = [mx 6.39346];
my = [my 7.99773];
mx = [mx 6.39754];
my = [my 8.0216];
mx = [mx 6.40077];
my = [my 8.04561];
mx = [mx 6.40317];
my = [my 8.06972];
mx = [mx 6.40473];
my = [my 8.09389];
mx = [mx 6.40544];
my = [my 8.1181];
mx = [mx 6.40531];
my = [my 8.14233];
mx = [mx 6.40433];
my = [my 8.16653];
mx = [mx 6.4025];
my = [my 8.19069];
mx = [mx 6.39984];
my = [my 8.21476];
mx = [mx 6.39634];
my = [my 8.23873];
mx = [mx 6.392];
my = [my 8.26256];
mx = [mx 6.38683];
my = [my 8.28623];
mx = [mx 6.38084];
my = [my 8.3097];
mx = [mx 6.37403];
my = [my 8.33295];
mx = [mx 6.36642];
my = [my 8.35595];
mx = [mx 6.35801];
my = [my 8.37866];
mx = [mx 6.34881];
my = [my 8.40107];
mx = [mx 6.33884];
my = [my 8.42315];
mx = [mx 6.3281];
my = [my 8.44486];
mx = [mx 6.31661];
my = [my 8.46619];
mx = [mx 6.30438];
my = [my 8.4871];
mx = [mx 6.29143];
my = [my 8.50757];
mx = [mx 6.27777];
my = [my 8.52758];
mx = [mx 6.26343];
my = [my 8.5471];
mx = [mx 6.24841];
my = [my 8.5661];
mx = [mx 6.23273];
my = [my 8.58457];
mx = [mx 6.21643];
my = [my 8.60248];
mx = [mx 6.1995];
my = [my 8.61982];
mx = [mx 6.18198];
my = [my 8.63655];
mx = [mx 6.16389];
my = [my 8.65266];
mx = [mx 6.14525];
my = [my 8.66812];
mx = [mx 6.12608];
my = [my 8.68293];
mx = [mx 6.1064];
my = [my 8.69706];
mx = [mx 6.08625];
my = [my 8.7105];
mx = [mx 6.06563];
my = [my 8.72322];
mx = [mx 6.04459];
my = [my 8.73522];
mx = [mx 6.02314];
my = [my 8.74647];
mx = [mx 6.00131];
my = [my 8.75697];
mx = [mx 5.97912];
my = [my 8.7667];
mx = [mx 5.95661];
my = [my 8.77565];
mx = [mx 5.9338];
my = [my 8.78381];
mx = [mx 5.91072];
my = [my 8.79117];
mx = [mx 6.22453];
my = [my 10.0843];
mx = [mx 6.15984];
my = [my 10.1186];
mx = [mx 6.09134];
my = [my 10.1399];
mx = [mx 6.02295];
my = [my 10.1657];
mx = [mx 6.19122];
my = [my 12.2204];
mx = [mx 6.06666];
my = [my 12.4619];
mx = [mx 5.92202];
my = [my 12.6184];
mx = [mx 5.76647];
my = [my 12.7361];
mx = [mx 5.5983];
my = [my 13.0511];
mx = [mx 5.4048];
my = [my 13.4185];
mx = [mx 5.17925];
my = [my 13.8457];
mx = [mx 4.7189];
my = [my 15.8569];
mx = [mx 4.38674];
my = [my 16.2014];
mx = [mx 4.10573];
my = [my 16.1503];
mx = [mx 3.82668];
my = [my 16.0894];
mx = [mx 3.54992];
my = [my 16.0187];
mx = [mx 3.2758];
my = [my 15.9385];
mx = [mx 3.00465];
my = [my 15.8487];
mx = [mx 2.73679];
my = [my 15.7495];
mx = [mx 2.47256];
my = [my 15.6411];
mx = [mx 2.21227];
my = [my 15.5235];
mx = [mx 1.95625];
my = [my 15.3968];
mx = [mx 1.7048];
my = [my 15.2614];
mx = [mx 1.45823];
my = [my 15.1172];
mx = [mx 1.21685];
my = [my 14.9645];
mx = [mx 2.27009];
my = [my 12.9838];
mx = [mx 2.85801];
my = [my 11.8698];
mx = [mx 3.24866];
my = [my 11.1336];
mx = [mx 3.52154];
my = [my 10.6177];
mx = [mx 3.72818];
my = [my 10.2298];
mx = [mx 3.88563];
my = [my 9.93217];
mx = [mx 4.01118];
my = [my 9.69447];
mx = [mx 4.10915];
my = [my 9.5038];
mx = [mx 4.19788];
my = [my 9.33829];
mx = [mx 4.2744];
my = [my 9.19691];
mx = [mx 4.37113];
my = [my 9.05392];
mx = [mx 4.3362];
my = [my 9.00873];
mx = [mx 4.27873];
my = [my 8.97653];
mx = [mx 4.26923];
my = [my 8.91545];
mx = [mx 4.31673];
my = [my 8.82736];
mx = [mx 4.35763];
my = [my 8.74861];
mx = [mx 4.39764];
my = [my 8.67553];
mx = [mx 4.42605];
my = [my 8.61168];
mx = [mx 4.45726];
my = [my 8.55051];
mx = [mx 4.48441];
my = [my 8.49413];
mx = [mx -2.08528];
my = [my 10.1694];
mx = [mx -1.97427];
my = [my 9.85609];
mx = [mx -2.32967];
my = [my 9.64335];
mx = [mx -2.37772];
my = [my 9.3618];
mx = [mx -2.4159];
my = [my 9.07873];
mx = [mx -2.44419];
my = [my 8.79451];
mx = [mx -2.20782];
my = [my 8.49754];
mx = [mx -2.47093];
my = [my 8.22397];
mx = [mx -1.61358];
my = [my 7.95802];
mx = [mx -1.57728];
my = [my 7.70399];
mx = [mx -1.51728];
my = [my 7.45367];
mx = [mx -2.40488];
my = [my 7.08425];
mx = [mx -2.36357];
my = [my 6.80163];
mx = [mx -2.31241];
my = [my 6.52062];
mx = [mx -2.25149];
my = [my 6.24157];
mx = [mx -2.18086];
my = [my 5.96481];
mx = [mx 2.95725];
my = [my 7.26765];
mx = [mx 3.0946];
my = [my 7.2091];
mx = [mx 3.11702];
my = [my 7.11397];
mx = [mx 3.14108];
my = [my 7.0185];
mx = [mx 3.82403];
my = [my 7.23351];
mx = [mx 4.79191];
my = [my 7.65141];
mx = [mx 4.98343];
my = [my 7.71753];
mx = [mx 5.06734];
my = [my 7.73448];
mx = [mx 5.07974];
my = [my 7.71114];
mx = [mx 5.08809];
my = [my 7.68472];
mx = [mx 5.09116];
my = [my 7.65353];
mx = [mx 5.10108];
my = [my 7.62646];
mx = [mx 5.11364];
my = [my 7.60084];
mx = [mx 5.12579];
my = [my 7.57413];
mx = [mx 5.1398];
my = [my 7.54833];
mx = [mx 5.15422];
my = [my 7.52212];
mx = [mx 5.16978];
my = [my 7.49621];
mx = [mx 5.22398];
my = [my 7.5175];
mx = [mx 5.26106];
my = [my 7.52171];
mx = [mx 5.3052];
my = [my 7.53925];
mx = [mx 5.33457];
my = [my 7.5389];
mx = [mx 5.25733];
my = [my 7.36098];
mx = [mx 5.26992];
my = [my 7.31928];
mx = [mx 2.03504];
my = [my 0.811279];
mx = [mx 2.29257];
my = [my 0.687429];
mx = [mx 2.55427];
my = [my 0.572642];
mx = [mx 2.81982];
my = [my 0.467059];
mx = [mx 3.08889];
my = [my 0.370807];
mx = [mx 3.36115];
my = [my 0.284004];
mx = [mx 5.43774];
my = [my 7.08165];
mx = [mx 5.55911];
my = [my 7.44931];
mx = [mx 5.58284];
my = [my 7.44441];
mx = [mx 5.60671];
my = [my 7.44033];
mx = [mx 5.63072];
my = [my 7.4371];
mx = [mx 5.65483];
my = [my 7.4347];
mx = [mx 5.679];
my = [my 7.43314];
mx = [mx 5.70321];
my = [my 7.43243];
mx = [mx 5.72744];
my = [my 7.43256];
mx = [mx 5.75164];
my = [my 7.43354];
mx = [mx 5.7758];
my = [my 7.43537];
mx = [mx 5.79987];
my = [my 7.43803];
mx = [mx 5.82384];
my = [my 7.44153];
mx = [mx 5.84767];
my = [my 7.44587];
mx = [mx 5.87134];
my = [my 7.45104];
mx = [mx 5.89481];
my = [my 7.45703];
mx = [mx 5.91806];
my = [my 7.46384];
mx = [mx 5.94106];
my = [my 7.47145];
mx = [mx 5.96377];
my = [my 7.47986];
mx = [mx 5.98618];
my = [my 7.48906];
mx = [mx 6.00826];
my = [my 7.49903];
mx = [mx 6.02997];
my = [my 7.50977];
mx = [mx 6.0513];
my = [my 7.52126];
mx = [mx 6.07221];
my = [my 7.53349];
mx = [mx 6.09268];
my = [my 7.54644];
mx = [mx 6.11269];
my = [my 7.5601];
mx = [mx 6.13221];
my = [my 7.57444];
mx = [mx 6.15121];
my = [my 7.58946];
mx = [mx 6.16968];
my = [my 7.60514];
mx = [mx 6.18759];
my = [my 7.62144];
mx = [mx 6.20493];
my = [my 7.63837];
mx = [mx 6.22166];
my = [my 7.65589];
mx = [mx 6.23777];
my = [my 7.67398];
mx = [mx 6.25323];
my = [my 7.69262];
mx = [mx 6.26804];
my = [my 7.71179];
mx = [mx 6.28217];
my = [my 7.73147];
mx = [mx 6.29561];
my = [my 7.75162];
mx = [mx 6.30833];
my = [my 7.77224];
mx = [mx 6.32033];
my = [my 7.79328];
mx = [mx 6.33158];
my = [my 7.81473];
mx = [mx 6.34208];
my = [my 7.83656];
mx = [mx 6.35181];
my = [my 7.85875];
mx = [mx 6.36076];
my = [my 7.88126];
mx = [mx 6.36892];
my = [my 7.90407];
mx = [mx 6.37628];
my = [my 7.92715];
