rr = [];
rr = [rr 1.08959];
rr = [rr 1.08429];
rr = [rr 1.0786];
rr = [rr 1.07265];
rr = [rr 1.06371];
rr = [rr 1.05636];
rr = [rr 1.06582];
rr = [rr 1.08276];
rr = [rr 1.09263];
rr = [rr 1.08881];
rr = [rr 1.08991];
rr = [rr 1.09107];
rr = [rr 1.10962];
rr = [rr 1.14993];
rr = [rr 1.17027];
rr = [rr 1.15055];
rr = [rr 1.14227];
rr = [rr 1.14066];
rr = [rr 1.14543];
rr = [rr 1.15303];
rr = [rr 1.15138];
rr = [rr 1.15396];
rr = [rr 1.15293];
rr = [rr 1.15828];
rr = [rr 1.16942];
rr = [rr 1.17435];
rr = [rr 1.17215];
rr = [rr 1.17805];
rr = [rr 1.18831];
rr = [rr 1.19571];
rr = [rr 1.01965];
rr = [rr 1.01528];
rr = [rr 1.01065];
rr = [rr 1.00576];
rr = [rr 1.00066];
rr = [rr 0.995355];
rr = [rr 0.989847];
rr = [rr 0.984139];
rr = [rr 0.978236];
rr = [rr 0.97214];
rr = [rr 0.96576];
rr = [rr 0.959181];
rr = [rr 0.95242];
rr = [rr 0.94548];
rr = [rr 0.938366];
rr = [rr 0.931083];
rr = [rr 0.923636];
rr = [rr 0.91592];
rr = [rr 0.908035];
rr = [rr 0.899997];
rr = [rr 0.891813];
rr = [rr 0.883489];
rr = [rr 0.875032];
rr = [rr 0.866375];
rr = [rr 0.857525];
rr = [rr 0.848557];
rr = [rr 0.839477];
rr = [rr 0.830293];
rr = [rr 0.821013];
rr = [rr 0.811523];
rr = [rr 0.801906];
rr = [rr 0.792211];
rr = [rr 0.782447];
rr = [rr 0.772624];
rr = [rr 0.762649];
rr = [rr 0.752543];
rr = [rr 0.742398];
rr = [rr 0.732226];
rr = [rr 0.722038];
rr = [rr 0.711662];
rr = [rr 0.701251];
rr = [rr 0.69085];
rr = [rr 0.68047];
rr = [rr 0.669982];
rr = [rr 0.659433];
rr = [rr 0.648935];
rr = [rr 0.638504];
rr = [rr 0.627954];
rr = [rr 0.617411];
rr = [rr 0.606967];
rr = [rr 0.596586];
rr = [rr 0.586076];
rr = [rr 0.575702];
rr = [rr 0.565482];
rr = [rr 0.555117];
rr = [rr 0.544898];
rr = [rr 0.534874];
rr = [rr 0.524722];
rr = [rr 0.514752];
rr = [rr 0.504982];
rr = [rr 0.495099];
rr = [rr 0.48548];
rr = [rr 0.475939];
rr = [rr 0.466462];
rr = [rr 0.457295];
rr = [rr 0.447994];
rr = [rr 0.439032];
rr = [rr 0.430098];
rr = [rr 0.421371];
rr = [rr 0.412795];
rr = [rr 0.404337];
rr = [rr 0.396108];
rr = [rr 0.387952];
rr = [rr 0.380056];
rr = [rr 0.372235];
rr = [rr 0.364659];
rr = [rr 0.357206];
rr = [rr 0.349936];
rr = [rr 0.342883];
rr = [rr 0.335905];
rr = [rr 0.329283];
rr = [rr 0.322582];
rr = [rr 0.316242];
rr = [rr 0.309984];
rr = [rr 0.303892];
rr = [rr 0.298124];
rr = [rr 0.292267];
rr = [rr 0.28672];
rr = [rr 0.281382];
rr = [rr 0.276041];
rr = [rr 0.270981];
rr = [rr 0.266102];
rr = [rr 0.261223];
rr = [rr 0.256597];
rr = [rr 0.252203];
rr = [rr 0.247737];
rr = [rr 0.243499];
rr = [rr 0.239475];
rr = [rr 0.235513];
rr = [rr 0.231621];
rr = [rr 0.227924];
rr = [rr 0.22441];
rr = [rr 0.220903];
rr = [rr 0.217498];
rr = [rr 0.21426];
rr = [rr 0.211181];
rr = [rr 0.208146];
rr = [rr 0.205155];
rr = [rr 0.202309];
rr = [rr 0.199601];
rr = [rr 0.197024];
rr = [rr 0.194412];
rr = [rr 0.191902];
rr = [rr 0.189513];
rr = [rr 0.187239];
rr = [rr 0.185074];
rr = [rr 0.182896];
rr = [rr 0.180782];
rr = [rr 0.17877];
rr = [rr 0.176855];
rr = [rr 0.175034];
rr = [rr 0.173295];
rr = [rr 0.171511];
rr = [rr 0.169814];
rr = [rr 0.168201];
rr = [rr 0.166668];
rr = [rr 0.165213];
rr = [rr 0.163833];
rr = [rr 0.162432];
rr = [rr 0.161076];
rr = [rr 0.159789];
rr = [rr 0.158571];
rr = [rr 0.15742];
rr = [rr 0.156332];
rr = [rr 0.155305];
rr = [rr 0.154248];
rr = [rr 0.153236];
rr = [rr 0.152283];
rr = [rr 0.151387];
rr = [rr 0.150548];
rr = [rr 0.149763];
rr = [rr 0.149032];
rr = [rr 0.148319];
rr = [rr 0.147595];
rr = [rr 0.146922];
rr = [rr 0.146299];
rr = [rr 0.145726];
rr = [rr 0.145202];
rr = [rr 0.144725];
rr = [rr 0.144295];
rr = [rr 0.143882];
rr = [rr 0.143455];
rr = [rr 0.143074];
rr = [rr 0.142738];
rr = [rr 0.142447];
rr = [rr 0.1422];
rr = [rr 0.141997];
rr = [rr 0.141839];
rr = [rr 0.141723];
rr = [rr 0.141567];
rr = [rr 0.141452];
rr = [rr 0.14138];
rr = [rr 0.141351];
rr = [rr 0.141365];
rr = [rr 0.141422];
rr = [rr 0.141523];
rr = [rr 0.141666];
rr = [rr 0.14181];
rr = [rr 0.141954];
rr = [rr 0.142142];
rr = [rr 0.142374];
rr = [rr 0.14265];
rr = [rr 0.14297];
rr = [rr 0.143336];
rr = [rr 0.143748];
rr = [rr 0.144192];
rr = [rr 0.144606];
rr = [rr 0.145067];
rr = [rr 0.145575];
rr = [rr 0.146131];
rr = [rr 0.146737];
rr = [rr 0.147393];
rr = [rr 0.148099];
rr = [rr 0.148844];
rr = [rr 0.149558];
rr = [rr 0.150324];
rr = [rr 0.151145];
rr = [rr 0.152022];
rr = [rr 0.152955];
rr = [rr 0.153948];
rr = [rr 0.155001];
rr = [rr 0.156043];
rr = [rr 0.15711];
rr = [rr 0.158241];
rr = [rr 0.159436];
rr = [rr 0.1607];
rr = [rr 0.162033];
rr = [rr 0.163438];
rr = [rr 0.164823];
rr = [rr 0.166253];
rr = [rr 0.167759];
rr = [rr 0.169345];
rr = [rr 0.171014];
rr = [rr 0.17277];
rr = [rr 0.174544];
rr = [rr 0.176335];
rr = [rr 0.178219];
rr = [rr 0.180198];
rr = [rr 0.182279];
rr = [rr 0.184464];
rr = [rr 0.186622];
rr = [rr 0.18886];
rr = [rr 0.191211];
rr = [rr 0.193681];
rr = [rr 0.196276];
rr = [rr 0.198866];
rr = [rr 0.201531];
rr = [rr 0.204331];
rr = [rr 0.207274];
rr = [rr 0.210348];
rr = [rr 0.213378];
rr = [rr 0.216563];
rr = [rr 0.219913];
rr = [rr 0.223437];
rr = [rr 0.226917];
rr = [rr 0.230553];
rr = [rr 0.234381];
rr = [rr 0.238384];
rr = [rr 0.242342];
rr = [rr 0.246509];
rr = [rr 0.250901];
rr = [rr 0.255338];
rr = [rr 0.259886];
rr = [rr 0.264682];
rr = [rr 0.269604];
rr = [rr 0.274579];
rr = [rr 0.279828];
rr = [rr 1.60408];
rr = [rr 1.60119];
rr = [rr 1.59797];
rr = [rr 1.59524];
rr = [rr 1.53301];
rr = [rr 1.47516];
rr = [rr 1.42194];
rr = [rr 1.37283];
rr = [rr 1.32738];
rr = [rr 1.28523];
rr = [rr 1.23423];
rr = [rr 1.18622];
rr = [rr 1.14213];
rr = [rr 1.10153];
rr = [rr 1.06403];
rr = [rr 1.0293];
rr = [rr 0.997061];
rr = [rr 0.967066];
rr = [rr 0.9391];
rr = [rr 0.912977];
rr = [rr 0.888531];
rr = [rr 0.865617];
rr = [rr 0.844105];
rr = [rr 2.1434];
rr = [rr 2.15159];
rr = [rr 2.15973];
rr = [rr 2.16799];
rr = [rr 2.17958];
rr = [rr 2.19345];
rr = [rr 2.20326];
rr = [rr 2.21247];
rr = [rr 2.22467];
rr = [rr 2.23789];
rr = [rr 2.25061];
rr = [rr 2.25258];
rr = [rr 2.21482];
rr = [rr 2.17897];
rr = [rr 2.10699];
rr = [rr 2.03127];
rr = [rr 1.96138];
rr = [rr 1.8961];
rr = [rr 1.83321];
rr = [rr 1.77487];
rr = [rr 1.72065];
rr = [rr 1.68089];
rr = [rr 1.65062];
rr = [rr 1.6219];
rr = [rr 1.64216];
rr = [rr 1.66709];
rr = [rr 1.69611];
rr = [rr 1.71039];
rr = [rr 1.7277];
rr = [rr 1.74919];
rr = [rr 1.7842];
rr = [rr 1.81308];
rr = [rr 1.83381];
rr = [rr 1.87765];
rr = [rr 1.89973];
rr = [rr 1.90726];
rr = [rr 1.88154];
rr = [rr 1.85514];
rr = [rr 1.82419];
rr = [rr 1.79375];
rr = [rr 1.77052];
rr = [rr 1.75099];
rr = [rr 1.72782];
rr = [rr 1.7041];
rr = [rr 1.67957];
rr = [rr 1.65549];
rr = [rr 1.63733];
rr = [rr 1.62186];
rr = [rr 1.60074];
rr = [rr 1.57988];
rr = [rr 1.56764];
rr = [rr 1.55586];
rr = [rr 1.54404];
rr = [rr 1.53137];
rr = [rr 1.51824];
rr = [rr 1.5043];
rr = [rr 1.49081];
rr = [rr 1.47786];
rr = [rr 1.46987];
rr = [rr 1.46581];
rr = [rr 1.4579];
rr = [rr 1.45203];
rr = [rr 1.44809];
rr = [rr 1.42887];
rr = [rr 1.38284];
rr = [rr 1.30211];
rr = [rr 1.23063];
rr = [rr 1.17757];
rr = [rr 1.13698];
rr = [rr 1.10883];
rt = [];
rt = [rt 0];
rt = [rt 0.0174533];
rt = [rt 0.0349066];
rt = [rt 0.0523599];
rt = [rt 0.0698132];
rt = [rt 0.0872665];
rt = [rt 0.10472];
rt = [rt 0.122173];
rt = [rt 0.139626];
rt = [rt 0.15708];
rt = [rt 0.174533];
rt = [rt 0.191986];
rt = [rt 0.20944];
rt = [rt 0.226893];
rt = [rt 0.244346];
rt = [rt 0.261799];
rt = [rt 0.279253];
rt = [rt 0.296706];
rt = [rt 0.314159];
rt = [rt 0.331613];
rt = [rt 0.349066];
rt = [rt 0.366519];
rt = [rt 0.383972];
rt = [rt 0.401426];
rt = [rt 0.418879];
rt = [rt 0.436332];
rt = [rt 0.453786];
rt = [rt 0.471239];
rt = [rt 0.488692];
rt = [rt 0.506145];
rt = [rt 0.523599];
rt = [rt 0.541052];
rt = [rt 0.558505];
rt = [rt 0.575959];
rt = [rt 0.593412];
rt = [rt 0.610865];
rt = [rt 0.628319];
rt = [rt 0.645772];
rt = [rt 0.663225];
rt = [rt 0.680678];
rt = [rt 0.698132];
rt = [rt 0.715585];
rt = [rt 0.733038];
rt = [rt 0.750492];
rt = [rt 0.767945];
rt = [rt 0.785398];
rt = [rt 0.802851];
