rx = [];
ry = [];
rx = [rx -0.732124];
ry = [ry 2.11981];
rx = [rx -0.722359];
ry = [ry 2.10239];
rx = [rx -0.721989];
ry = [ry 2.08382];
rx = [rx -0.670405];
ry = [ry 2.07374];
rx = [rx -0.825684];
ry = [ry 2.02705];
rx = [rx -0.743717];
ry = [ry 2.02291];
rx = [rx -0.817045];
ry = [ry 1.98717];
rx = [rx -0.676576];
ry = [ry 1.99993];
rx = [rx -0.661297];
ry = [ry 1.98533];
rx = [rx -0.68101];
ry = [ry 1.96143];
rx = [rx -0.62423];
ry = [ry 1.95927];
rx = [rx -0.693525];
ry = [ry 1.91932];
rx = [rx -0.677139];
ry = [ry 1.90517];
rx = [rx -0.748149];
ry = [ry 1.86047];
rx = [rx -0.723486];
ry = [ry 1.8485];
rx = [rx -0.709037];
ry = [ry 1.83322];
rx = [rx -0.712165];
ry = [ry 1.81094];
rx = [rx -0.743774];
ry = [ry 1.77585];
rx = [rx -0.62771];
ry = [ry 1.80642];
rx = [rx -0.735801];
ry = [ry 1.73464];
rx = [rx -0.676304];
ry = [ry 1.74141];
rx = [rx -0.771948];
ry = [ry 1.66961];
rx = [rx -0.678827];
ry = [ry 1.69565];
rx = [rx -0.658943];
ry = [ry 1.68401];
rx = [rx -0.683752];
ry = [ry 1.64652];
rx = [rx -0.677388];
ry = [ry 1.62648];
rx = [rx -0.650179];
ry = [ry 1.61951];
rx = [rx -0.650738];
ry = [ry 1.59497];
rx = [rx -0.657133];
ry = [ry 1.56582];
rx = [rx -0.633012];
ry = [ry 1.5575];
rx = [rx -0.441547];
ry = [ry 1.67367];
rx = [rx -0.520204];
ry = [ry 1.59236];
rx = [rx -0.488882];
ry = [ry 1.59355];
rx = [rx -0.434427];
ry = [ry 1.61495];
rx = [rx -0.437457];
ry = [ry 1.5898];
rx = [rx -0.425183];
ry = [ry 1.57732];
rx = [rx -0.449549];
ry = [ry 1.53131];
rx = [rx -0.357136];
ry = [ry 1.59377];
rx = [rx -0.428716];
ry = [ry 1.50044];
rx = [rx -0.258585];
ry = [ry 1.64731];
rx = [rx -0.383768];
ry = [ry 1.4943];
rx = [rx -0.319202];
ry = [ry 1.53821];
rx = [rx -0.274397];
ry = [ry 1.56378];
rx = [rx -0.272186];
ry = [ry 1.5421];
rx = [rx -0.292818];
ry = [ry 1.49188];
rx = [rx -0.272743];
ry = [ry 1.48993];
rx = [rx -0.23988];
ry = [ry 1.50528];
rx = [rx -0.216081];
ry = [ry 1.51026];
rx = [rx -0.196154];
ry = [ry 1.51091];
rx = [rx -0.264962];
ry = [ry 1.38318];
rx = [rx -0.226824];
ry = [ry 1.40792];
rx = [rx -0.143544];
ry = [ry 1.50624];
rx = [rx -0.128764];
ry = [ry 1.5013];
rx = [rx -0.141303];
ry = [ry 1.4502];
rx = [rx -0.0689663];
ry = [ry 1.54558];
rx = [rx -0.072393];
ry = [ry 1.51008];
rx = [rx -0.00060882];
ry = [ry 1.61659];
rx = [rx -0.0665053];
ry = [ry 1.4569];
rx = [rx -0.0374326];
ry = [ry 1.48237];
rx = [rx -0.0185604];
ry = [ry 1.48845];
rx = [rx -0.00217021];
ry = [ry 1.48999];
rx = [rx 0.0444632];
ry = [ry 1.56528];
rx = [rx 0.0267889];
ry = [ry 1.48561];
rx = [rx 0.0445739];
ry = [ry 1.49277];
rx = [rx 0.0688898];
ry = [ry 1.51972];
rx = [rx 0.0987588];
ry = [ry 1.56696];
rx = [rx 0.0994279];
ry = [ry 1.52787];
rx = [rx 0.0903171];
ry = [ry 1.4512];
rx = [rx 0.128265];
ry = [ry 1.53432];
rx = [rx 0.145818];
ry = [ry 1.55114];
rx = [rx 0.159338];
ry = [ry 1.55425];
rx = [rx 0.175264];
ry = [ry 1.56921];
rx = [rx 0.207695];
ry = [ry 1.66848];
rx = [rx 0.213818];
ry = [ry 1.64564];
rx = [rx 0.22306];
ry = [ry 1.63693];
rx = [rx 0.226456];
ry = [ry 1.5874];
rx = [rx 0.244277];
ry = [ry 1.63454];
rx = [rx 0.251335];
ry = [ry 1.60228];
rx = [rx 0.275282];
ry = [ry 1.73417];
rx = [rx 0.279479];
ry = [ry 1.67436];
rx = [rx 0.293815];
ry = [ry 1.74657];
rx = [rx 0.297892];
ry = [ry 1.64191];
rx = [rx 0.308461];
ry = [ry 1.64627];
rx = [rx 0.319454];
ry = [ry 1.71824];
rx = [rx 0.329058];
ry = [ry 1.66209];
rx = [rx 0.340125];
ry = [ry 1.625];
rx = [rx 0.346773];
ry = [ry 1.71884];
rx = [rx 0.357464];
ry = [ry 1.69326];
rx = [rx 0.365096];
ry = [ry 1.71815];
rx = [rx 0.370588];
ry = [ry 1.75644];
rx = [rx 0.376038];
ry = [ry 1.78352];
rx = [rx 0.377944];
ry = [ry 1.83048];
rx = [rx 0.394018];
ry = [ry 1.77175];
rx = [rx 0.403602];
ry = [ry 1.76457];
rx = [rx 0.396302];
ry = [ry 1.85011];
rx = [rx 0.417877];
ry = [ry 1.77882];
rx = [rx 0.413341];
ry = [ry 1.83723];
rx = [rx 0.431631];
ry = [ry 1.79192];
rx = [rx 0.401015];
ry = [ry 1.94239];
rx = [rx 0.43479];
ry = [ry 1.84072];
rx = [rx 0.464993];
ry = [ry 1.76425];
rx = [rx 0.449423];
ry = [ry 1.84243];
rx = [rx 0.450505];
ry = [ry 1.86213];
rx = [rx 0.427184];
ry = [ry 1.94881];
rx = [rx 0.448459];
ry = [ry 1.90733];
rx = [rx 0.460978];
ry = [ry 1.89247];
rx = [rx 0.483186];
ry = [ry 1.85591];
rx = [rx 0.449011];
ry = [ry 1.9527];
rx = [rx 0.452013];
ry = [ry 1.9593];
rx = [rx 0.481026];
ry = [ry 1.911];
rx = [rx 0.494853];
ry = [ry 1.89754];
rx = [rx 0.471491];
ry = [ry 1.95688];
rx = [rx 0.449661];
ry = [ry 2.00876];
rx = [rx 0.432889];
ry = [ry 2.04773];
rx = [rx 0.486083];
ry = [ry 1.96504];
rx = [rx 0.483704];
ry = [ry 1.97959];
rx = [rx 0.524831];
ry = [ry 1.92497];
rx = [rx 0.520334];
ry = [ry 1.94358];
rx = [rx 0.445622];
ry = [ry 2.06324];
rx = [rx 0.507126];
ry = [ry 1.98348];
rx = [rx 0.502277];
ry = [ry 1.99928];
rx = [rx 0.418608];
ry = [ry 2.1169];
rx = [rx 0.532386];
ry = [ry 1.97824];
rx = [rx 0.498525];
ry = [ry 2.02849];
rx = [rx 0.460944];
ry = [ry 2.07986];
rx = [rx 0.476681];
ry = [ry 2.06763];
rx = [rx 0.525778];
ry = [ry 2.02001];
rx = [rx 0.537021];
ry = [ry 2.01573];
rx = [rx 0.531743];
ry = [ry 2.02881];
rx = [rx 0.510094];
ry = [ry 2.05733];
rx = [rx 0.546429];
ry = [ry 2.02914];
rx = [rx 0.519015];
ry = [ry 2.06151];
rx = [rx 0.506032];
ry = [ry 2.07916];
rx = [rx 0.461333];
ry = [ry 2.12291];
rx = [rx 0.47885];
ry = [ry 2.11256];
rx = [rx 0.449872];
ry = [ry 2.14008];
rx = [rx 0.480164];
ry = [ry 2.12038];
rx = [rx 0.449282];
ry = [ry 2.1475];
rx = [rx 0.522984];
ry = [ry 2.09828];
rx = [rx 0.393177];
ry = [ry 2.19265];
rx = [rx 0.518968];
ry = [ry 2.11116];
rx = [rx 0.407085];
ry = [ry 2.18727];
rx = [rx 0.526321];
ry = [ry 2.11623];
rx = [rx 0.547427];
ry = [ry 2.10861];
rx = [rx 0.490589];
ry = [ry 2.14596];
rx = [rx 0.523889];
ry = [ry 2.13168];
rx = [rx 0.403381];
ry = [ry 2.19888];
rx = [rx 0.557157];
ry = [ry 2.12397];
rx = [rx 0.445127];
ry = [ry 2.18243];
rx = [rx 0.510683];
ry = [ry 2.15514];
rx = [rx 0.395761];
ry = [ry 2.209];
rx = [rx 0.464023];
ry = [ry 2.18221];
rx = [rx 0.499364];
ry = [ry 2.17114];
rx = [rx 0.512912];
ry = [ry 2.16958];
rx = [rx 0.454929];
ry = [ry 2.19385];
rx = [rx 0.51879];
ry = [ry 2.17504];
rx = [rx 0.449155];
ry = [ry 2.20075];
rx = [rx 0.534671];
ry = [ry 2.17781];
rx = [rx 0.547252];
ry = [ry 2.17831];
rx = [rx 0.562315];
ry = [ry 2.17859];
rx = [rx 0.498847];
ry = [ry 2.19824];
rx = [rx 0.494689];
ry = [ry 2.20238];
rx = [rx 0.476977];
ry = [ry 2.20909];
rx = [rx 0.503963];
ry = [ry 2.20686];
rx = [rx 0.54279];
ry = [ry 2.20361];
rx = [rx 0.462572];
ry = [ry 2.21951];
rx = [rx 0.421948];
ry = [ry 2.22732];
rx = [rx 0.55423];
ry = [ry 2.21399];
rx = [rx 0.504524];
ry = [ry 2.22284];
rx = [rx 0.481226];
ry = [ry 2.22784];
rx = [rx 0.481355];
ry = [ry 2.23059];
rx = [rx 0.52159];
ry = [ry 2.23159];
rx = [rx 0.473845];
ry = [ry 2.2363];
rx = [rx 0.434164];
ry = [ry 2.23926];
rx = [rx 0.505631];
ry = [ry 2.24181];
rx = [rx 0.487979];
ry = [ry 2.24452];
rx = [rx 0.473963];
ry = [ry 2.24677];
rx = [rx 0.512403];
ry = [ry 2.25175];
rx = [rx 0.4817];
ry = [ry 2.25263];
rx = [rx 0.392383];
ry = [ry 2.2468];
rx = [rx 0.517333];
ry = [ry 2.26225];
rx = [rx 0.404636];
ry = [ry 2.25083];
rx = [rx 0.456749];
ry = [ry 2.26006];
rx = [rx 0.520455];
ry = [ry 2.2731];
rx = [rx 0.505838];
ry = [ry 2.27393];
rx = [rx 0.50244];
ry = [ry 2.27653];
rx = [rx 0.482072];
ry = [ry 2.27527];
rx = [rx 0.47055];
ry = [ry 2.27541];
rx = [rx 0.410766];
ry = [ry 2.26266];
rx = [rx 0.402259];
ry = [ry 2.26193];
rx = [rx 0.431177];
ry = [ry 2.27197];
rx = [rx 0.34756];
ry = [ry 2.24765];
rx = [rx 0.475509];
ry = [ry 2.29092];
rx = [rx 0.383498];
ry = [ry 2.26129];
rx = [rx 0.434921];
ry = [ry 2.2817];
rx = [rx 0.474206];
ry = [ry 2.2994];
rx = [rx 0.404078];
ry = [ry 2.2734];
rx = [rx 0.43583];
ry = [ry 2.28886];
rx = [rx 0.447674];
ry = [ry 2.29659];
rx = [rx 0.49732];
ry = [ry 2.32291];
rx = [rx 0.479229];
ry = [ry 2.31763];
rx = [rx 0.478693];
ry = [ry 2.32076];
rx = [rx 0.429415];
ry = [ry 2.29747];
rx = [rx 0.447702];
