rx = [];
ry = [];
rx = [rx -0.606501];
ry = [ry 1.94778];
rx = [rx -0.595861];
ry = [ry 1.93088];
rx = [rx -0.594545];
ry = [ry 1.91235];
rx = [rx -0.542515];
ry = [ry 1.90491];
rx = [rx -0.695215];
ry = [ry 1.85038];
rx = [rx -0.613143];
ry = [ry 1.85042];
rx = [rx -0.684555];
ry = [ry 1.81099];
rx = [rx -0.544919];
ry = [ry 1.83088];
rx = [rx -0.528916];
ry = [ry 1.81708];
rx = [rx -0.547386];
ry = [ry 1.79221];
rx = [rx -0.49057];
ry = [ry 1.79294];
rx = [rx -0.55774];
ry = [ry 1.74951];
rx = [rx -0.540655];
ry = [ry 1.73622];
rx = [rx -0.609296];
ry = [ry 1.68796];
rx = [rx -0.584055];
ry = [ry 1.67726];
rx = [rx -0.568847];
ry = [ry 1.66273];
rx = [rx -0.570837];
ry = [ry 1.64033];
rx = [rx -0.600618];
ry = [ry 1.60368];
rx = [rx -0.48626];
ry = [ry 1.64012];
rx = [rx -0.590555];
ry = [ry 1.56292];
rx = [rx -0.53148];
ry = [ry 1.57271];
rx = [rx -0.623343];
ry = [ry 1.49614];
rx = [rx -0.53167];
ry = [ry 1.52688];
rx = [rx -0.511219];
ry = [ry 1.51628];
rx = [rx -0.534086];
ry = [ry 1.47757];
rx = [rx -0.526709];
ry = [ry 1.45788];
rx = [rx -0.499181];
ry = [ry 1.45231];
rx = [rx -0.498489];
ry = [ry 1.42776];
rx = [rx -0.503391];
ry = [ry 1.39833];
rx = [rx -0.478878];
ry = [ry 1.39125];
rx = [rx -0.293578];
ry = [ry 1.51702];
rx = [rx -0.367991];
ry = [ry 1.43181];
rx = [rx -0.336771];
ry = [ry 1.43459];
rx = [rx -0.283477];
ry = [ry 1.45873];
rx = [rx -0.285222];
ry = [ry 1.43346];
rx = [rx -0.272328];
ry = [ry 1.42163];
rx = [rx -0.294319];
ry = [ry 1.37444];
rx = [rx -0.205207];
ry = [ry 1.44153];
rx = [rx -0.271941];
ry = [ry 1.34467];
rx = [rx -0.109511];
ry = [ry 1.50002];
rx = [rx -0.226739];
ry = [ry 1.34083];
rx = [rx -0.164493];
ry = [ry 1.38797];
rx = [rx -0.121048];
ry = [ry 1.41579];
rx = [rx -0.117736];
ry = [ry 1.39425];
rx = [rx -0.135783];
ry = [ry 1.34304];
rx = [rx -0.115635];
ry = [ry 1.34212];
rx = [rx -0.0835962];
ry = [ry 1.35912];
rx = [rx -0.0600818];
ry = [ry 1.36531];
rx = [rx -0.0402142];
ry = [ry 1.36697];
rx = [rx -0.102427];
ry = [ry 1.2359];
rx = [rx -0.065599];
ry = [ry 1.26255];
rx = [rx 0.0125654];
ry = [ry 1.36499];
rx = [rx 0.0275786];
ry = [ry 1.3608];
rx = [rx 0.0176579];
ry = [ry 1.30914];
rx = [rx 0.0850429];
ry = [ry 1.40807];
rx = [rx 0.083429];
ry = [ry 1.37244];
rx = [rx 0.149695];
ry = [ry 1.48247];
rx = [rx 0.0920174];
ry = [ry 1.31963];
rx = [rx 0.119755];
ry = [ry 1.34655];
rx = [rx 0.138293];
ry = [ry 1.35359];
rx = [rx 0.154584];
ry = [ry 1.35596];
rx = [rx 0.197322];
ry = [ry 1.43353];
rx = [rx 0.183728];
ry = [ry 1.35306];
rx = [rx 0.201126];
ry = [ry 1.36111];
rx = [rx 0.224037];
ry = [ry 1.38927];
rx = [rx 0.251461];
ry = [ry 1.43797];
rx = [rx 0.25412];
ry = [ry 1.39896];
rx = [rx 0.248926];
ry = [ry 1.32193];
rx = [rx 0.282592];
ry = [ry 1.40687];
rx = [rx 0.299266];
ry = [ry 1.42457];
rx = [rx 0.312609];
ry = [ry 1.42835];
rx = [rx 0.327753];
ry = [ry 1.44411];
rx = [rx 0.355086];
ry = [ry 1.54491];
rx = [rx 0.362364];
ry = [ry 1.5224];
rx = [rx 0.372038];
ry = [ry 1.51417];
rx = [rx 0.377952];
ry = [ry 1.46488];
rx = [rx 0.393349];
ry = [ry 1.51287];
rx = [rx 0.402041];
ry = [ry 1.48101];
rx = [rx 0.419239];
ry = [ry 1.61394];
rx = [rx 0.426477];
ry = [ry 1.55443];
rx = [rx 0.437117];
ry = [ry 1.62728];
rx = [rx 0.446519];
ry = [ry 1.52296];
rx = [rx 0.456852];
ry = [ry 1.52785];
rx = [rx 0.464165];
ry = [ry 1.60029];
rx = [rx 0.476617];
ry = [ry 1.5447];
rx = [rx 0.489559];
ry = [ry 1.50822];
rx = [rx 0.491418];
ry = [ry 1.60228];
rx = [rx 0.503398];
ry = [ry 1.57728];
rx = [rx 0.509752];
ry = [ry 1.60253];
rx = [rx 0.513288];
ry = [ry 1.64105];
rx = [rx 0.517351];
ry = [ry 1.66837];
rx = [rx 0.516863];
ry = [ry 1.71536];
rx = [rx 0.535907];
ry = [ry 1.65753];
rx = [rx 0.545844];
ry = [ry 1.65085];
rx = [rx 0.534197];
ry = [ry 1.7359];
rx = [rx 0.559375];
ry = [ry 1.6658];
rx = [rx 0.551871];
ry = [ry 1.72391];
rx = [rx 0.572444];
ry = [ry 1.67959];
rx = [rx 0.534205];
ry = [ry 1.82831];
rx = [rx 0.573113];
ry = [ry 1.72849];
rx = [rx 0.607172];
ry = [ry 1.65366];
rx = [rx 0.587641];
ry = [ry 1.73094];
rx = [rx 0.587718];
ry = [ry 1.75067];
rx = [rx 0.560012];
ry = [ry 1.83605];
rx = [rx 0.583372];
ry = [ry 1.7957];
rx = [rx 0.596632];
ry = [ry 1.78151];
rx = [rx 0.620673];
ry = [ry 1.74612];
rx = [rx 0.581613];
ry = [ry 1.84104];
rx = [rx 0.584275];
ry = [ry 1.84779];
rx = [rx 0.615711];
ry = [ry 1.80103];
rx = [rx 0.630205];
ry = [ry 1.78829];
rx = [rx 0.603851];
ry = [ry 1.84636];
rx = [rx 0.579407];
ry = [ry 1.89706];
rx = [rx 0.560672];
ry = [ry 1.93513];
rx = [rx 0.618008];
ry = [ry 1.85526];
rx = [rx 0.614892];
ry = [ry 1.86967];
rx = [rx 0.658747];
ry = [ry 1.81722];
rx = [rx 0.653308];
ry = [ry 1.83557];
rx = [rx 0.572599];
ry = [ry 1.95126];
rx = [rx 0.638085];
ry = [ry 1.87474];
rx = [rx 0.632437];
ry = [ry 1.89028];
rx = [rx 0.542887];
ry = [ry 2.00348];
rx = [rx 0.663579];
ry = [ry 1.87079];
rx = [rx 0.627202];
ry = [ry 1.91926];
rx = [rx 0.587054];
ry = [ry 1.96865];
rx = [rx 0.603393];
ry = [ry 1.95723];
rx = [rx 0.654852];
ry = [ry 1.91218];
rx = [rx 0.666299];
ry = [ry 1.90848];
rx = [rx 0.660361];
ry = [ry 1.92127];
rx = [rx 0.637287];
ry = [ry 1.94865];
rx = [rx 0.675012];
ry = [ry 1.92234];
rx = [rx 0.645984];
ry = [ry 1.95328];
rx = [rx 0.632119];
ry = [ry 1.97024];
rx = [rx 0.58525];
ry = [ry 2.01166];
rx = [rx 0.603271];
ry = [ry 2.00221];
rx = [rx 0.57293];
ry = [ry 2.02822];
rx = [rx 0.604186];
ry = [ry 2.01009];
rx = [rx 0.571962];
ry = [ry 2.0356];
rx = [rx 0.648075];
ry = [ry 1.9902];
rx = [rx 0.51363];
ry = [ry 2.07784];
rx = [rx 0.643409];
ry = [ry 2.00287];
rx = [rx 0.527795];
ry = [ry 2.07317];
rx = [rx 0.650494];
ry = [ry 2.0083];
rx = [rx 0.67196];
ry = [ry 2.00176];
rx = [rx 0.613294];
ry = [ry 2.03617];
rx = [rx 0.647278];
ry = [ry 2.02361];
rx = [rx 0.523504];
ry = [ry 2.08458];
rx = [rx 0.680896];
ry = [ry 2.0176];
rx = [rx 0.566034];
ry = [ry 2.07028];
rx = [rx 0.632895];
ry = [ry 2.04636];
rx = [rx 0.515378];
ry = [ry 2.0943];
rx = [rx 0.584916];
ry = [ry 2.07102];
rx = [rx 0.620776];
ry = [ry 2.06176];
rx = [rx 0.634385];
ry = [ry 2.0609];
rx = [rx 0.575242];
ry = [ry 2.08218];
rx = [rx 0.639977];
ry = [ry 2.06665];
rx = [rx 0.569123];
ry = [ry 2.08878];
rx = [rx 0.655697];
ry = [ry 2.07023];
rx = [rx 0.668236];
ry = [ry 2.07136];
rx = [rx 0.683265];
ry = [ry 2.07241];
rx = [rx 0.618878];
ry = [ry 2.0888];
rx = [rx 0.614515];
ry = [ry 2.09272];
rx = [rx 0.596484];
ry = [ry 2.09853];
rx = [rx 0.623549];
ry = [ry 2.09768];
rx = [rx 0.662491];
ry = [ry 2.0964];
rx = [rx 0.581568];
ry = [ry 2.10819];
rx = [rx 0.540599];
ry = [ry 2.11393];
rx = [rx 0.673388];
ry = [ry 2.10736];
rx = [rx 0.623295];
ry = [ry 2.11366];
rx = [rx 0.599773];
ry = [ry 2.11747];
rx = [rx 0.599762];
ry = [ry 2.12023];
rx = [rx 0.639894];
ry = [ry 2.12327];
rx = [rx 0.591971];
ry = [ry 2.12554];
rx = [rx 0.552191];
ry = [ry 2.12647];
rx = [rx 0.623435];
ry = [ry 2.13266];
rx = [rx 0.605668];
ry = [ry 2.13447];
rx = [rx 0.591555];
ry = [ry 2.136];
rx = [rx 0.629692];
ry = [ry 2.14293];
rx = [rx 0.598983];
ry = [ry 2.14225];
rx = [rx 0.510079];
ry = [ry 2.13188];
rx = [rx 0.63408];
ry = [ry 2.15368];
rx = [rx 0.522111];
ry = [ry 2.13653];
rx = [rx 0.573686];
ry = [ry 2.1484];
rx = [rx 0.636646];
ry = [ry 2.16467];
rx = [rx 0.622006];
ry = [ry 2.16475];
rx = [rx 0.61848];
ry = [ry 2.16718];
rx = [rx 0.598203];
ry = [ry 2.16488];
rx = [rx 0.586688];
ry = [ry 2.16443];
rx = [rx 0.52763];
ry = [ry 2.14866];
rx = [rx 0.519173];
ry = [ry 2.14749];
rx = [rx 0.547542];
ry = [ry 2.15899];
rx = [rx 0.465272];
ry = [ry 2.13044];
rx = [rx 0.59085];
ry = [ry 2.18018];
rx = [rx 0.500468];
ry = [ry 2.1459];
rx = [rx 0.550784];
ry = [ry 2.1689];
rx = [rx 0.589118];
ry = [ry 2.18858];
rx = [rx 0.520405];
ry = [ry 2.15904];
rx = [rx 0.551329];
ry = [ry 2.17609];
rx = [rx 0.562763];
ry = [ry 2.18442];
rx = [rx 0.611005];
ry = [ry 2.21323];
rx = [rx 0.593206];
ry = [ry 2.20704];
rx = [rx 0.59251];
ry = [ry 2.21014];
rx = [rx 0.544482];
ry = [ry 2.18437];
rx = [rx 0.562096];
ry = [ry 2.19804];
