rx = [];
ry = [];
rx = [rx -0.632847];
ry = [ry 2.36499];
rx = [rx -0.635152];
ry = [ry 2.34515];
rx = [rx -0.645738];
ry = [ry 2.32989];
rx = [rx -0.609858];
ry = [ry 2.29148];
rx = [rx -0.763023];
ry = [ry 2.3447];
rx = [rx -0.699049];
ry = [ry 2.29329];
rx = [rx -0.779405];
ry = [ry 2.30732];
rx = [rx -0.658131];
ry = [ry 2.23531];
rx = [rx -0.654311];
ry = [ry 2.21452];
rx = [rx -0.684293];
ry = [ry 2.20672];
rx = [rx -0.639561];
ry = [ry 2.17168];
rx = [rx -0.719121];
ry = [ry 2.17994];
rx = [rx -0.714143];
ry = [ry 2.15887];
rx = [rx -0.797873];
ry = [ry 2.16429];
rx = [rx -0.784911];
ry = [ry 2.14013];
rx = [rx -0.782167];
ry = [ry 2.11928];
rx = [rx -0.797757];
ry = [ry 2.10307];
rx = [rx -0.843937];
ry = [ry 2.09318];
rx = [rx -0.731988];
ry = [ry 2.0499];
rx = [rx -0.861643];
ry = [ry 2.05511];
rx = [rx -0.809474];
ry = [ry 2.02571];
rx = [rx -0.929045];
ry = [ry 2.02363];
rx = [rx -0.838346];
ry = [ry 1.99012];
rx = [rx -0.829057];
ry = [ry 1.96904];
rx = [rx -0.871135];
ry = [ry 1.95321];
rx = [rx -0.877729];
ry = [ry 1.93325];
rx = [rx -0.859772];
ry = [ry 1.91165];
rx = [rx -0.874615];
ry = [ry 1.89209];
rx = [rx -0.896887];
ry = [ry 1.87223];
rx = [rx -0.882221];
ry = [ry 1.85135];
rx = [rx -0.659004];
ry = [ry 1.83321];
rx = [rx -0.770397];
ry = [ry 1.81345];
rx = [rx -0.744327];
ry = [ry 1.79605];
rx = [rx -0.687666];
ry = [ry 1.78146];
rx = [rx -0.704865];
ry = [ry 1.76286];
rx = [rx -0.702235];
ry = [ry 1.74556];
rx = [rx -0.748949];
ry = [ry 1.72257];
rx = [rx -0.637465];
ry = [ry 1.719];
rx = [rx -0.750169];
ry = [ry 1.68535];
rx = [rx -0.526238];
ry = [ry 1.70459];
rx = [rx -0.717355];
ry = [ry 1.65403];
rx = [rx -0.639308];
ry = [ry 1.65174];
rx = [rx -0.588019];
ry = [ry 1.64619];
rx = [rx -0.59894];
ry = [ry 1.62733];
rx = [rx -0.645098];
ry = [ry 1.59874];
rx = [rx -0.629976];
ry = [ry 1.58539];
rx = [rx -0.594355];
ry = [ry 1.57856];
rx = [rx -0.572152];
ry = [ry 1.56865];
rx = [rx -0.555629];
ry = [ry 1.55749];
rx = [rx -0.686259];
ry = [ry 1.49435];
rx = [rx -0.640856];
ry = [ry 1.49204];
rx = [rx -0.515746];
ry = [ry 1.52286];
rx = [rx -0.506673];
ry = [ry 1.51019];
rx = [rx -0.546785];
ry = [ry 1.47615];
rx = [rx -0.432268];
ry = [ry 1.51101];
rx = [rx -0.45586];
ry = [ry 1.48425];
rx = [rx -0.33526];
ry = [ry 1.52846];
rx = [rx -0.482267];
ry = [ry 1.43772];
rx = [rx -0.443778];
ry = [ry 1.44132];
rx = [rx -0.424926];
ry = [ry 1.43518];
rx = [rx -0.410746];
ry = [ry 1.42681];
rx = [rx -0.328826];
ry = [ry 1.46047];
rx = [rx -0.389853];
ry = [ry 1.40629];
rx = [rx -0.37125];
ry = [ry 1.40166];
rx = [rx -0.33575];
ry = [ry 1.40924];
rx = [rx -0.283856];
ry = [ry 1.43];
rx = [rx -0.30623];
ry = [ry 1.39794];
rx = [rx -0.358561];
ry = [ry 1.34117];
rx = [rx -0.279088];
ry = [ry 1.38626];
rx = [rx -0.255007];
ry = [ry 1.38959];
rx = [rx -0.242235];
ry = [ry 1.38418];
rx = [rx -0.220562];
ry = [ry 1.38696];
rx = [rx -0.136085];
ry = [ry 1.44838];
rx = [rx -0.144521];
ry = [ry 1.42628];
rx = [rx -0.14214];
ry = [ry 1.4138];
rx = [rx -0.168425];
ry = [ry 1.37169];
rx = [rx -0.126351];
ry = [ry 1.39943];
rx = [rx -0.139544];
ry = [ry 1.36916];
rx = [rx -0.0428258];
ry = [ry 1.46196];
rx = [rx -0.0744861];
ry = [ry 1.41105];
rx = [rx -0.020538];
ry = [ry 1.46115];
rx = [rx -0.0785958];
ry = [ry 1.37397];
rx = [rx -0.0674781];
ry = [ry 1.3713];
rx = [rx -0.0163792];
ry = [ry 1.42316];
rx = [rx -0.0415154];
ry = [ry 1.37205];
rx = [rx -0.0542964];
ry = [ry 1.33551];
rx = [rx 0.00610271];
ry = [ry 1.40763];
rx = [rx -0.000229409];
ry = [ry 1.38064];
rx = [rx 0.0205473];
ry = [ry 1.39633];
rx = [rx 0.047444];
ry = [ry 1.42413];
rx = [rx 0.0677344];
ry = [ry 1.44287];
rx = [rx 0.0968097];
ry = [ry 1.4798];
rx = [rx 0.0753986];
ry = [ry 1.4228];
rx = [rx 0.0789537];
ry = [ry 1.41136];
rx = [rx 0.12319];
ry = [ry 1.48494];
rx = [rx 0.0988724];
ry = [ry 1.41454];
rx = [rx 0.129441];
ry = [ry 1.46451];
rx = [rx 0.117695];
ry = [ry 1.41708];
rx = [rx 0.181112];
ry = [ry 1.55694];
rx = [rx 0.148867];
ry = [ry 1.45477];
rx = [rx 0.128502];
ry = [ry 1.37511];
rx = [rx 0.16172];
ry = [ry 1.44757];
rx = [rx 0.174149];
ry = [ry 1.4629];
rx = [rx 0.206076];
ry = [ry 1.5468];
rx = [rx 0.198988];
ry = [ry 1.50071];
rx = [rx 0.200421];
ry = [ry 1.48134];
rx = [rx 0.196977];
ry = [ry 1.4387];
rx = [rx 0.226034];
ry = [ry 1.53714];
rx = [rx 0.232339];
ry = [ry 1.54074];
rx = [rx 0.227524];
ry = [ry 1.48459];
rx = [rx 0.230833];
ry = [ry 1.46558];
rx = [rx 0.246697];
ry = [ry 1.52735];
rx = [rx 0.259429];
ry = [ry 1.58218];
rx = [rx 0.26869];
ry = [ry 1.62359];
rx = [rx 0.263306];
ry = [ry 1.52541];
rx = [rx 0.269908];
ry = [ry 1.53859];
rx = [rx 0.271204];
ry = [ry 1.47023];
rx = [rx 0.278472];
ry = [ry 1.48795];
rx = [rx 0.288094];
ry = [ry 1.62868];
rx = [rx 0.291159];
ry = [ry 1.52801];
rx = [rx 0.296496];
ry = [ry 1.54365];
rx = [rx 0.29767];
ry = [ry 1.68799];
rx = [rx 0.30855];
ry = [ry 1.50895];
rx = [rx 0.310582];
ry = [ry 1.56952];
rx = [rx 0.310253];
ry = [ry 1.63317];
rx = [rx 0.315831];
ry = [ry 1.61403];
rx = [rx 0.327687];
ry = [ry 1.54667];
rx = [rx 0.33429];
ry = [ry 1.53661];
rx = [rx 0.33768];
ry = [ry 1.5503];
rx = [rx 0.336864];
ry = [ry 1.5861];
rx = [rx 0.349768];
ry = [ry 1.54195];
rx = [rx 0.34654];
ry = [ry 1.58425];
rx = [rx 0.346369];
ry = [ry 1.60616];
rx = [rx 0.335807];
ry = [ry 1.66781];
rx = [rx 0.343928];
ry = [ry 1.64916];
rx = [rx 0.336589];
ry = [ry 1.68844];
rx = [rx 0.349578];
ry = [ry 1.65472];
rx = [rx 0.340461];
ry = [ry 1.6948];
rx = [rx 0.37131];
ry = [ry 1.61171];
rx = [rx 0.321482];
ry = [ry 1.76427];
rx = [rx 0.375612];
ry = [ry 1.62451];
rx = [rx 0.329593];
ry = [ry 1.75175];
rx = [rx 0.384539];
ry = [ry 1.6243];
rx = [rx 0.397167];
ry = [ry 1.60575];
rx = [rx 0.37302];
ry = [ry 1.66933];
rx = [rx 0.391628];
ry = [ry 1.63824];
rx = [rx 0.333398];
ry = [ry 1.76333];
rx = [rx 0.414056];
ry = [ry 1.61249];
rx = [rx 0.357575];
ry = [ry 1.72553];
rx = [rx 0.39468];
ry = [ry 1.66499];
rx = [rx 0.333159];
ry = [ry 1.776];
rx = [rx 0.372753];
ry = [ry 1.71427];
rx = [rx 0.39489];
ry = [ry 1.68458];
rx = [rx 0.404955];
ry = [ry 1.67538];
rx = [rx 0.372207];
ry = [ry 1.72903];
rx = [rx 0.412916];
ry = [ry 1.67636];
rx = [rx 0.371577];
ry = [ry 1.73801];
rx = [rx 0.427408];
ry = [ry 1.66929];
rx = [rx 0.437888];
ry = [ry 1.66232];
rx = [rx 0.450256];
ry = [ry 1.65371];
rx = [rx 0.410361];
ry = [ry 1.70684];
rx = [rx 0.409417];
ry = [ry 1.71263];
rx = [rx 0.399006];
ry = [ry 1.72846];
rx = [rx 0.419562];
ry = [ry 1.71083];
rx = [rx 0.449108];
ry = [ry 1.68543];
rx = [rx 0.393443];
ry = [ry 1.74534];
rx = [rx 0.365112];
ry = [ry 1.77548];
rx = [rx 0.464463];
ry = [ry 1.68713];
rx = [rx 0.429381];
ry = [ry 1.72344];
rx = [rx 0.413443];
ry = [ry 1.74116];
rx = [rx 0.41516];
ry = [ry 1.74331];
rx = [rx 0.448342];
ry = [ry 1.72053];
rx = [rx 0.412418];
ry = [ry 1.75233];
rx = [rx 0.382007];
ry = [ry 1.77799];
rx = [rx 0.4414];
ry = [ry 1.73816];
rx = [rx 0.428688];
ry = [ry 1.7507];
rx = [rx 0.418653];
ry = [ry 1.76075];
rx = [rx 0.452713];
ry = [ry 1.74224];
rx = [rx 0.42836];
ry = [ry 1.76096];
rx = [rx 0.352584];
ry = [ry 1.8086];
rx = [rx 0.462867];
ry = [ry 1.74786];
rx = [rx 0.364875];
ry = [ry 1.80469];
rx = [rx 0.412502];
ry = [ry 1.78161];
rx = [rx 0.471757];
ry = [ry 1.75482];
rx = [rx 0.460399];
ry = [ry 1.76406];
rx = [rx 0.459173];
ry = [ry 1.76816];
rx = [rx 0.441933];
ry = [ry 1.77908];
rx = [rx 0.43268];
ry = [ry 1.78595];
rx = [rx 0.376774];
ry = [ry 1.81067];
rx = [rx 0.369452];
ry = [ry 1.81506];
rx = [rx 0.398769];
ry = [ry 1.80625];
rx = [rx 0.316769];
ry = [ry 1.83557];
rx = [rx 0.445793];
ry = [ry 1.79561];
rx = [rx 0.353882];
ry = [ry 1.82555];
rx = [rx 0.407504];
ry = [ry 1.81193];
rx = [rx 0.449707];
ry = [ry 1.80324];
rx = [rx 0.37765];
ry = [ry 1.82329];
rx = [rx 0.412436];
ry = [ry 1.8172];
rx = [rx 0.426568];
ry = [ry 1.81652];
rx = [rx 0.482213];
ry = [ry 1.80873];
rx = [rx 0.464464];
ry = [ry 1.81507];
rx = [rx 0.465867];
ry = [ry 1.81792];
rx = [rx 0.412288];
ry = [ry 1.82794];
