rx = [];
ry = [];
rx = [rx -0.796659];
ry = [ry 2.41239];
rx = [rx -0.794088];
ry = [ry 2.39259];
rx = [rx -0.800661];
ry = [ry 2.37522];
rx = [rx -0.756544];
ry = [ry 2.34665];
rx = [rx -0.918039];
ry = [ry 2.36117];
rx = [rx -0.843514];
ry = [ry 2.32679];
rx = [rx -0.924877];
ry = [ry 2.32094];
rx = [rx -0.789767];
ry = [ry 2.28045];
rx = [rx -0.781025];
ry = [ry 2.26121];
rx = [rx -0.808222];
ry = [ry 2.24637];
rx = [rx -0.756333];
ry = [ry 2.22322];
rx = [rx -0.835524];
ry = [ry 2.21195];
rx = [rx -0.825588];
ry = [ry 2.19272];
rx = [rx -0.908137];
ry = [ry 2.17769];
rx = [rx -0.889708];
ry = [ry 2.15739];
rx = [rx -0.881993];
ry = [ry 2.13783];
rx = [rx -0.893192];
ry = [ry 2.11832];
rx = [rx -0.935598];
ry = [ry 2.09753];
rx = [rx -0.816498];
ry = [ry 2.08267];
rx = [rx -0.943552];
ry = [ry 2.05631];
rx = [rx -0.885815];
ry = [ry 2.04043];
rx = [rx -1.00132];
ry = [ry 2.00944];
rx = [rx -0.905203];
ry = [ry 1.9989];
rx = [rx -0.891083];
ry = [ry 1.9807];
rx = [rx -0.928072];
ry = [ry 1.95515];
rx = [rx -0.929631];
ry = [ry 1.93418];
rx = [rx -0.906977];
ry = [ry 1.91758];
rx = [rx -0.916639];
ry = [ry 1.89501];
rx = [rx -0.933433];
ry = [ry 1.87034];
rx = [rx -0.914146];
ry = [ry 1.85364];
rx = [rx -0.693185];
ry = [ry 1.89012];
rx = [rx -0.796471];
ry = [ry 1.84396];
rx = [rx -0.766962];
ry = [ry 1.8334];
rx = [rx -0.708454];
ry = [ry 1.83297];
rx = [rx -0.720635];
ry = [ry 1.81076];
rx = [rx -0.713891];
ry = [ry 1.79461];
rx = [rx -0.753643];
ry = [ry 1.76099];
rx = [rx -0.644613];
ry = [ry 1.78453];
rx = [rx -0.745808];
ry = [ry 1.72458];
rx = [rx -0.533211];
ry = [ry 1.79751];
rx = [rx -0.706381];
ry = [ry 1.70214];
rx = [rx -0.630106];
ry = [ry 1.71884];
rx = [rx -0.579001];
ry = [ry 1.72588];
rx = [rx -0.585026];
ry = [ry 1.70493];
rx = [rx -0.622881];
ry = [ry 1.66601];
rx = [rx -0.604976];
ry = [ry 1.65672];
rx = [rx -0.568761];
ry = [ry 1.65873];
rx = [rx -0.544817];
ry = [ry 1.65449];
rx = [rx -0.526084];
ry = [ry 1.64767];
rx = [rx -0.637522];
ry = [ry 1.55476];
rx = [rx -0.592911];
ry = [ry 1.56351];
rx = [rx -0.478999];
ry = [ry 1.62374];
rx = [rx -0.467125];
ry = [ry 1.61364];
rx = [rx -0.497794];
ry = [ry 1.5709];
rx = [rx -0.395135];
ry = [ry 1.63246];
rx = [rx -0.411542];
ry = [ry 1.60079];
rx = [rx -0.305246];
ry = [ry 1.6729];
rx = [rx -0.425887];
ry = [ry 1.54924];
rx = [rx -0.389417];
ry = [ry 1.56206];
rx = [rx -0.369638];
ry = [ry 1.56067];
rx = [rx -0.353854];
ry = [ry 1.55599];
rx = [rx -0.282531];
ry = [ry 1.60849];
rx = [rx -0.328611];
ry = [ry 1.54114];
rx = [rx -0.309441];
ry = [ry 1.54115];
rx = [rx -0.276835];
ry = [ry 1.55711];
rx = [rx -0.231517];
ry = [ry 1.58982];
rx = [rx -0.245457];
ry = [ry 1.5533];
rx = [rx -0.282473];
ry = [ry 1.48554];
rx = [rx -0.216293];
ry = [ry 1.54854];
rx = [rx -0.193737];
ry = [ry 1.55761];
rx = [rx -0.180035];
ry = [ry 1.55546];
rx = [rx -0.159682];
ry = [ry 1.56341];
rx = [rx -0.092603];
ry = [ry 1.64346];
rx = [rx -0.0954327];
ry = [ry 1.61998];
rx = [rx -0.0900997];
ry = [ry 1.60845];
rx = [rx -0.105398];
ry = [ry 1.56122];
rx = [rx -0.0712986];
ry = [ry 1.59833];
rx = [rx -0.0767647];
ry = [ry 1.56577];
rx = [rx -0.00541414];
ry = [ry 1.67924];
rx = [rx -0.0237959];
ry = [ry 1.62217];
rx = [rx 0.0164069];
ry = [ry 1.68385];
rx = [rx -0.0187973];
ry = [ry 1.5852];
rx = [rx -0.00736512];
ry = [ry 1.58531];
rx = [rx 0.0296457];
ry = [ry 1.648];
rx = [rx 0.0176438];
ry = [ry 1.59232];
rx = [rx 0.0140969];
ry = [ry 1.55377];
rx = [rx 0.0552211];
ry = [ry 1.63838];
rx = [rx 0.0556162];
ry = [ry 1.61066];
rx = [rx 0.0719718];
ry = [ry 1.63092];
rx = [rx 0.0913316];
ry = [ry 1.66441];
rx = [rx 0.106476];
ry = [ry 1.68751];
rx = [rx 0.125738];
ry = [ry 1.73038];
rx = [rx 0.118777];
ry = [ry 1.66989];
rx = [rx 0.124997];
ry = [ry 1.65965];
rx = [rx 0.150087];
ry = [ry 1.74176];
rx = [rx 0.143553];
ry = [ry 1.66756];
rx = [rx 0.161101];
ry = [ry 1.72345];
rx = [rx 0.161196];
ry = [ry 1.67459];
rx = [rx 0.188838];
ry = [ry 1.82564];
rx = [rx 0.182308];
ry = [ry 1.71871];
rx = [rx 0.181852];
ry = [ry 1.63649];
rx = [rx 0.196523];
ry = [ry 1.71484];
rx = [rx 0.204867];
ry = [ry 1.73272];
rx = [rx 0.215515];
ry = [ry 1.82185];
rx = [rx 0.219804];
ry = [ry 1.77543];
rx = [rx 0.225889];
ry = [ry 1.75698];
rx = [rx 0.232878];
ry = [ry 1.71477];
rx = [rx 0.237217];
ry = [ry 1.81733];
rx = [rx 0.242464];
ry = [ry 1.82234];
rx = [rx 0.251395];
ry = [ry 1.7667];
rx = [rx 0.259212];
ry = [ry 1.74906];
rx = [rx 0.259637];
ry = [ry 1.81283];
rx = [rx 0.258704];
ry = [ry 1.86911];
rx = [rx 0.257657];
ry = [ry 1.91153];
rx = [rx 0.276221];
ry = [ry 1.81497];
rx = [rx 0.279432];
ry = [ry 1.82936];
rx = [rx 0.297253];
ry = [ry 1.76335];
rx = [rx 0.300012];
ry = [ry 1.7823];
rx = [rx 0.275249];
ry = [ry 1.92117];
rx = [rx 0.302615];
ry = [ry 1.82424];
rx = [rx 0.304002];
ry = [ry 1.84071];
rx = [rx 0.270168];
ry = [ry 1.98103];
rx = [rx 0.324105];
ry = [ry 1.80997];
rx = [rx 0.311401];
ry = [ry 1.86922];
rx = [rx 0.29566];
ry = [ry 1.93089];
rx = [rx 0.305708];
ry = [ry 1.91368];
rx = [rx 0.333533];
ry = [ry 1.8512];
rx = [rx 0.342375];
ry = [ry 1.84304];
rx = [rx 0.342347];
ry = [ry 1.85714];
rx = [rx 0.332882];
ry = [ry 1.89168];
rx = [rx 0.356098];
ry = [ry 1.85197];
rx = [rx 0.342717];
ry = [ry 1.89223];
rx = [rx 0.337243];
ry = [ry 1.91345];
rx = [rx 0.312058];
ry = [ry 1.9707];
rx = [rx 0.324457];
ry = [ry 1.95456];
rx = [rx 0.307818];
ry = [ry 1.9909];
rx = [rx 0.32859];
ry = [ry 1.96133];
rx = [rx 0.310034];
ry = [ry 1.99801];
rx = [rx 0.360096];
ry = [ry 1.92487];
rx = [rx 0.274787];
ry = [ry 2.06081];
rx = [rx 0.36117];
ry = [ry 1.93833];
rx = [rx 0.285689];
ry = [ry 2.05063];
rx = [rx 0.36988];
ry = [ry 1.94029];
rx = [rx 0.386627];
ry = [ry 1.92535];
rx = [rx 0.347794];
ry = [ry 1.98119];
rx = [rx 0.373379];
ry = [ry 1.95554];
rx = [rx 0.286576];
ry = [ry 2.06279];
rx = [rx 0.40138];
ry = [ry 1.93598];
rx = [rx 0.319191];
ry = [ry 2.03197];
rx = [rx 0.369861];
ry = [ry 1.98222];
rx = [rx 0.283275];
ry = [ry 2.07502];
rx = [rx 0.336644];
ry = [ry 2.02473];
rx = [rx 0.365316];
ry = [ry 2.00129];
rx = [rx 0.377311];
ry = [ry 1.9948];
rx = [rx 0.332539];
ry = [ry 2.03891];
rx = [rx 0.384798];
ry = [ry 1.99767];
rx = [rx 0.329752];
ry = [ry 2.04747];
rx = [rx 0.40057];
ry = [ry 1.99433];
rx = [rx 0.412428];
ry = [ry 1.9901];
rx = [rx 0.426512];
ry = [ry 1.98475];
rx = [rx 0.374932];
ry = [ry 2.02663];
rx = [rx 0.372615];
ry = [ry 2.03202];
rx = [rx 0.358679];
ry = [ry 2.04485];
rx = [rx 0.382893];
ry = [ry 2.03273];
rx = [rx 0.417713];
ry = [ry 2.01524];
rx = [rx 0.349191];
ry = [ry 2.05988];
rx = [rx 0.314401];
ry = [ry 2.08226];
rx = [rx 0.432198];
ry = [ry 2.02062];
rx = [rx 0.389364];
ry = [ry 2.04734];
rx = [rx 0.369608];
ry = [ry 2.06067];
rx = [rx 0.370752];
ry = [ry 2.06317];
rx = [rx 0.408465];
ry = [ry 2.04911];
rx = [rx 0.365906];
ry = [ry 2.07126];
rx = [rx 0.330184];
ry = [ry 2.08879];
rx = [rx 0.397458];
ry = [ry 2.06454];
rx = [rx 0.382086];
ry = [ry 2.07362];
rx = [rx 0.369917];
ry = [ry 2.08094];
rx = [rx 0.407445];
ry = [ry 2.07124];
rx = [rx 0.379282];
ry = [ry 2.0835];
rx = [rx 0.294221];
ry = [ry 2.11136];
rx = [rx 0.415934];
ry = [ry 2.07915];
rx = [rx 0.307095];
ry = [ry 2.11054];
rx = [rx 0.358894];
ry = [ry 2.09969];
rx = [rx 0.422873];
ry = [ry 2.08806];
rx = [rx 0.409616];
ry = [ry 2.09427];
rx = [rx 0.407432];
ry = [ry 2.09795];
rx = [rx 0.38806];
ry = [ry 2.10437];
rx = [rx 0.377419];
ry = [ry 2.10879];
rx = [rx 0.317189];
ry = [ry 2.11923];
rx = [rx 0.309021];
ry = [ry 2.12171];
rx = [rx 0.3396];
ry = [ry 2.12027];
rx = [rx 0.25294];
ry = [ry 2.12884];
rx = [rx 0.3878];
ry = [ry 2.12134];
rx = [rx 0.291373];
ry = [ry 2.12812];
rx = [rx 0.346697];
ry = [ry 2.1279];
rx = [rx 0.389749];
ry = [ry 2.12969];
rx = [rx 0.314981];
ry = [ry 2.13168];
rx = [rx 0.350207];
ry = [ry 2.1342];
rx = [rx 0.364081];
ry = [ry 2.13697];
rx = [rx 0.419956];
ry = [ry 2.14289];
rx = [rx 0.401201];
ry = [ry 2.14474];
rx = [rx 0.401871];
ry = [ry 2.14785];
rx = [rx 0.347461];
