rx = [];
ry = [];
rx = [rx -0.191179];
ry = [ry 1.60001];
rx = [rx -0.171205];
ry = [ry 1.59995];
rx = [rx -0.15485];
ry = [ry 1.59115];
rx = [rx -0.120729];
ry = [ry 1.63113];
rx = [rx -0.156353];
ry = [ry 1.47295];
rx = [rx -0.112475];
ry = [ry 1.5423];
rx = [rx -0.117371];
ry = [ry 1.46088];
rx = [rx -0.0594714];
ry = [ry 1.58949];
rx = [rx -0.0392509];
ry = [ry 1.59563];
rx = [rx -0.0281184];
ry = [ry 1.56672];
rx = [rx 0.00165889];
ry = [ry 1.61511];
rx = [rx 0.00241239];
ry = [ry 1.53513];
rx = [rx 0.0227883];
ry = [ry 1.54245];
rx = [rx 0.0268331];
ry = [ry 1.45864];
rx = [rx 0.0493753];
ry = [ry 1.47424];
rx = [rx 0.0697868];
ry = [ry 1.47932];
rx = [rx 0.0876474];
ry = [ry 1.46565];
rx = [rx 0.102682];
ry = [ry 1.42088];
rx = [rx 0.133076];
ry = [ry 1.53699];
rx = [rx 0.142501];
ry = [ry 1.40757];
rx = [rx 0.165834];
ry = [ry 1.46272];
rx = [rx 0.181375];
ry = [ry 1.34415];
rx = [rx 0.204451];
ry = [ry 1.43804];
rx = [rx 0.224351];
ry = [ry 1.44965];
rx = [rx 0.244818];
ry = [ry 1.40962];
rx = [rx 0.2654];
ry = [ry 1.40532];
rx = [rx 0.284837];
ry = [ry 1.42559];
rx = [rx 0.305942];
ry = [ry 1.41305];
rx = [rx 0.328191];
ry = [ry 1.39315];
rx = [rx 0.347283];
ry = [ry 1.41008];
rx = [rx 0.340161];
ry = [ry 1.63392];
rx = [rx 0.372344];
ry = [ry 1.52546];
rx = [rx 0.386698];
ry = [ry 1.55332];
rx = [rx 0.394811];
ry = [ry 1.61127];
rx = [rx 0.415227];
ry = [ry 1.59627];
rx = [rx 0.432124];
ry = [ry 1.60083];
rx = [rx 0.460228];
ry = [ry 1.55701];
rx = [rx 0.451225];
ry = [ry 1.66818];
rx = [rx 0.497348];
ry = [ry 1.55999];
rx = [rx 0.453009];
ry = [ry 1.78033];
rx = [rx 0.524778];
ry = [ry 1.59612];
rx = [rx 0.518256];
ry = [ry 1.67393];
rx = [rx 0.517996];
ry = [ry 1.72552];
rx = [rx 0.537967];
ry = [ry 1.71679];
rx = [rx 0.571574];
ry = [ry 1.67415];
rx = [rx 0.583133];
ry = [ry 1.69067];
rx = [rx 0.58591];
ry = [ry 1.72684];
rx = [rx 0.593259];
ry = [ry 1.75002];
rx = [rx 0.602485];
ry = [ry 1.76769];
rx = [rx 0.679936];
ry = [ry 1.64501];
rx = [rx 0.677121];
ry = [ry 1.69038];
rx = [rx 0.632398];
ry = [ry 1.81122];
rx = [rx 0.643968];
ry = [ry 1.82166];
rx = [rx 0.682309];
ry = [ry 1.78564];
rx = [rx 0.634775];
ry = [ry 1.8955];
rx = [rx 0.664017];
ry = [ry 1.87508];
rx = [rx 0.60651];
ry = [ry 1.98993];
rx = [rx 0.713227];
ry = [ry 1.85408];
rx = [rx 0.70532];
ry = [ry 1.89192];
rx = [rx 0.709297];
ry = [ry 1.91134];
rx = [rx 0.716009];
ry = [ry 1.92637];
rx = [rx 0.673341];
ry = [ry 2.00398];
rx = [rx 0.734051];
ry = [ry 1.94944];
rx = [rx 0.736557];
ry = [ry 1.96845];
rx = [rx 0.725027];
ry = [ry 2.00287];
rx = [rx 0.698553];
ry = [ry 2.0521];
rx = [rx 0.732928];
ry = [ry 2.03348];
rx = [rx 0.795232];
ry = [ry 1.98787];
rx = [rx 0.741478];
ry = [ry 2.06176];
rx = [rx 0.735452];
ry = [ry 2.08531];
rx = [rx 0.73939];
ry = [ry 2.09861];
rx = [rx 0.734184];
ry = [ry 2.11983];
rx = [rx 0.663647];
ry = [ry 2.19686];
rx = [rx 0.686556];
ry = [ry 2.19096];
rx = [rx 0.698684];
ry = [ry 2.19473];
rx = [rx 0.743489];
ry = [ry 2.17336];
rx = [rx 0.711185];
ry = [ry 2.21204];
rx = [rx 0.742747];
ry = [ry 2.20234];
rx = [rx 0.639644];
ry = [ry 2.28799];
rx = [rx 0.693794];
ry = [ry 2.26227];
rx = [rx 0.637943];
ry = [ry 2.31023];
rx = [rx 0.731106];
ry = [ry 2.26236];
rx = [rx 0.732502];
ry = [ry 2.27371];
rx = [rx 0.675218];
ry = [ry 2.31864];
rx = [rx 0.728839];
ry = [ry 2.29942];
rx = [rx 0.766584];
ry = [ry 2.29084];
rx = [rx 0.688119];
ry = [ry 2.34273];
rx = [rx 0.715645];
ry = [ry 2.33948];
rx = [rx 0.697714];
ry = [ry 2.35835];
rx = [rx 0.667063];
ry = [ry 2.38195];
rx = [rx 0.646155];
ry = [ry 2.4];
rx = [rx 0.606189];
ry = [ry 2.42473];
rx = [rx 0.665242];
ry = [ry 2.40988];
rx = [rx 0.676203];
ry = [ry 2.4147];
rx = [rx 0.598111];
ry = [ry 2.45036];
rx = [rx 0.670805];
ry = [ry 2.43413];
rx = [rx 0.617703];
ry = [ry 2.45887];
rx = [rx 0.666152];
ry = [ry 2.45255];
rx = [rx 0.520048];
ry = [ry 2.49981];
rx = [rx 0.625195];
ry = [ry 2.47927];
rx = [rx 0.70664];
ry = [ry 2.46801];
rx = [rx 0.630901];
ry = [ry 2.49286];
rx = [rx 0.614271];
ry = [ry 2.50348];
rx = [rx 0.527312];
ry = [ry 2.52575];
rx = [rx 0.573899];
ry = [ry 2.5239];
rx = [rx 0.592988];
ry = [ry 2.52751];
rx = [rx 0.635744];
ry = [ry 2.52889];
rx = [rx 0.534654];
ry = [ry 2.54667];
rx = [rx 0.530375];
ry = [ry 2.55253];
rx = [rx 0.586701];
ry = [ry 2.55407];
rx = [rx 0.605219];
ry = [ry 2.5595];
rx = [rx 0.542057];
ry = [ry 2.56831];
rx = [rx 0.486143];
ry = [ry 2.57478];
rx = [rx 0.443957];
ry = [ry 2.57932];
rx = [rx 0.542112];
ry = [ry 2.58503];
rx = [rx 0.528273];
ry = [ry 2.5901];
rx = [rx 0.596051];
ry = [ry 2.59909];
rx = [rx 0.577631];
ry = [ry 2.60432];
rx = [rx 0.43671];
ry = [ry 2.59803];
rx = [rx 0.536397];
ry = [ry 2.61241];
rx = [rx 0.520248];
ry = [ry 2.61595];
rx = [rx 0.376699];
ry = [ry 2.60086];
rx = [rx 0.553371];
ry = [ry 2.63184];
rx = [rx 0.492963];
ry = [ry 2.62704];
rx = [rx 0.429757];
ry = [ry 2.61954];
rx = [rx 0.448142];
ry = [ry 2.62724];
rx = [rx 0.513741];
ry = [ry 2.64661];
rx = [rx 0.522987];
ry = [ry 2.6543];
rx = [rx 0.509005];
ry = [ry 2.65612];
rx = [rx 0.473524];
ry = [ry 2.65128];
rx = [rx 0.515936];
ry = [ry 2.66908];
rx = [rx 0.474269];
ry = [ry 2.6611];
rx = [rx 0.452519];
ry = [ry 2.65847];
rx = [rx 0.392453];
ry = [ry 2.64103];
rx = [rx 0.410076];
ry = [ry 2.6512];
rx = [rx 0.371868];
ry = [ry 2.63948];
rx = [rx 0.40391];
ry = [ry 2.65619];
rx = [rx 0.365115];
ry = [ry 2.64261];
rx = [rx 0.444196];
ry = [ry 2.68262];
rx = [rx 0.298221];
ry = [ry 2.61593];
rx = [rx 0.430999];
ry = [ry 2.68546];
rx = [rx 0.309744];
ry = [ry 2.6254];
rx = [rx 0.430199];
ry = [ry 2.69435];
rx = [rx 0.447208];
ry = [ry 2.70899];
rx = [rx 0.386751];
ry = [ry 2.67783];
rx = [rx 0.415546];
ry = [ry 2.69982];
rx = [rx 0.297812];
ry = [ry 2.62787];
rx = [rx 0.438608];
ry = [ry 2.72501];
rx = [rx 0.332647];
ry = [ry 2.65616];
rx = [rx 0.388629];
ry = [ry 2.69984];
rx = [rx 0.285253];
ry = [ry 2.62621];
rx = [rx 0.342124];
ry = [ry 2.6725];
rx = [rx 0.369133];
ry = [ry 2.69785];
rx = [rx 0.377141];
ry = [ry 2.70888];
rx = [rx 0.327522];
ry = [ry 2.6703];
rx = [rx 0.375276];
ry = [ry 2.71668];
rx = [rx 0.318672];
ry = [ry 2.66866];
rx = [rx 0.380662];
ry = [ry 2.73188];
rx = [rx 0.386415];
ry = [ry 2.74308];
rx = [rx 0.393569];
ry = [ry 2.75634];
rx = [rx 0.345271];
ry = [ry 2.71071];
rx = [rx 0.339626];
ry = [ry 2.70912];
rx = [rx 0.325074];
ry = [ry 2.69699];
rx = [rx 0.340274];
ry = [ry 2.7194];
rx = [rx 0.362184];
ry = [ry 2.75162];
rx = [rx 0.308927];
ry = [ry 2.68956];
rx = [rx 0.282165];
ry = [ry 2.65802];
rx = [rx 0.358761];
ry = [ry 2.76669];
rx = [rx 0.326636];
ry = [ry 2.72774];
rx = [rx 0.310829];
ry = [ry 2.70991];
rx = [rx 0.308496];
ry = [ry 2.71137];
rx = [rx 0.327392];
ry = [ry 2.74691];
rx = [rx 0.299841];
ry = [ry 2.70763];
rx = [rx 0.277768];
ry = [ry 2.67452];
rx = [rx 0.310657];
ry = [ry 2.73802];
rx = [rx 0.299626];
ry = [ry 2.72398];
rx = [rx 0.290777];
ry = [ry 2.71288];
rx = [rx 0.305326];
ry = [ry 2.74881];
rx = [rx 0.28947];
ry = [ry 2.7225];
rx = [rx 0.250669];
ry = [ry 2.64184];
rx = [rx 0.298597];
ry = [ry 2.75826];
rx = [rx 0.253176];
ry = [ry 2.65449];
rx = [rx 0.270741];
ry = [ry 2.70442];
rx = [rx 0.290681];
ry = [ry 2.76631];
rx = [rx 0.28278];
ry = [ry 2.75399];
rx = [rx 0.278844];
ry = [ry 2.7523];
rx = [rx 0.269936];
ry = [ry 2.73394];
rx = [rx 0.264154];
ry = [ry 2.72398];
rx = [rx 0.245886];
ry = [ry 2.66564];
rx = [rx 0.242348];
ry = [ry 2.65787];
rx = [rx 0.247804];
ry = [ry 2.688];
rx = [rx 0.227911];
ry = [ry 2.60321];
rx = [rx 0.253077];
ry = [ry 2.73592];
rx = [rx 0.233682];
ry = [ry 2.64122];
rx = [rx 0.241171];
ry = [ry 2.69603];
rx = [rx 0.245055];
ry = [ry 2.73895];
rx = [rx 0.233251];
ry = [ry 2.66509];
rx = [rx 0.235386];
ry = [ry 2.70034];
rx = [rx 0.234465];
ry = [ry 2.71446];
rx = [rx 0.235937];
ry = [ry 2.77063];
rx = [rx 0.231644];
ry = [ry 2.75228];
rx = [rx 0.228651];
ry = [ry 2.75335];
rx = [rx 0.224732];
ry = [ry 2.69899];
rx = [rx 0.222607];
ry = [ry 2.72118];
rx = [rx 0.220149];
