rx = [];
ry = [];
rx = [rx -0.649578];
ry = [ry 2.21646];
rx = [rx -0.647006];
ry = [ry 2.19665];
rx = [rx -0.65358];
ry = [ry 2.17928];
rx = [rx -0.609462];
ry = [ry 2.15072];
rx = [rx -0.770957];
ry = [ry 2.16523];
rx = [rx -0.696432];
ry = [ry 2.13086];
rx = [rx -0.777796];
ry = [ry 2.125];
rx = [rx -0.642685];
ry = [ry 2.08452];
rx = [rx -0.633943];
ry = [ry 2.06528];
rx = [rx -0.66114];
ry = [ry 2.05044];
rx = [rx -0.609251];
ry = [ry 2.02728];
rx = [rx -0.688442];
ry = [ry 2.01602];
rx = [rx -0.678507];
ry = [ry 1.99679];
rx = [rx -0.761056];
ry = [ry 1.98176];
rx = [rx -0.742627];
ry = [ry 1.96146];
rx = [rx -0.734911];
ry = [ry 1.94189];
rx = [rx -0.74611];
ry = [ry 1.92239];
rx = [rx -0.788516];
ry = [ry 1.9016];
rx = [rx -0.669417];
ry = [ry 1.88674];
rx = [rx -0.796471];
ry = [ry 1.86038];
rx = [rx -0.738734];
ry = [ry 1.8445];
rx = [rx -0.854237];
ry = [ry 1.8135];
rx = [rx -0.758122];
ry = [ry 1.80297];
rx = [rx -0.744001];
ry = [ry 1.78477];
rx = [rx -0.78099];
ry = [ry 1.75922];
rx = [rx -0.78255];
ry = [ry 1.73825];
rx = [rx -0.759896];
ry = [ry 1.72165];
rx = [rx -0.769558];
ry = [ry 1.69908];
rx = [rx -0.786352];
ry = [ry 1.67441];
rx = [rx -0.767064];
ry = [ry 1.6577];
rx = [rx -0.546104];
ry = [ry 1.69419];
rx = [rx -0.64939];
ry = [ry 1.64803];
rx = [rx -0.61988];
ry = [ry 1.63746];
rx = [rx -0.561373];
ry = [ry 1.63704];
rx = [rx -0.573553];
ry = [ry 1.61483];
rx = [rx -0.566809];
ry = [ry 1.59868];
rx = [rx -0.606561];
ry = [ry 1.56506];
rx = [rx -0.497532];
ry = [ry 1.5886];
rx = [rx -0.598726];
ry = [ry 1.52865];
rx = [rx -0.386129];
ry = [ry 1.60157];
rx = [rx -0.5593];
ry = [ry 1.50621];
rx = [rx -0.483025];
ry = [ry 1.52291];
rx = [rx -0.43192];
ry = [ry 1.52995];
rx = [rx -0.437944];
ry = [ry 1.509];
rx = [rx -0.475799];
ry = [ry 1.47008];
rx = [rx -0.457895];
ry = [ry 1.46079];
rx = [rx -0.42168];
ry = [ry 1.46279];
rx = [rx -0.397736];
ry = [ry 1.45856];
rx = [rx -0.379002];
ry = [ry 1.45174];
rx = [rx -0.49044];
ry = [ry 1.35883];
rx = [rx -0.445829];
ry = [ry 1.36758];
rx = [rx -0.331917];
ry = [ry 1.4278];
rx = [rx -0.320044];
ry = [ry 1.41771];
rx = [rx -0.350713];
ry = [ry 1.37496];
rx = [rx -0.248054];
ry = [ry 1.43653];
rx = [rx -0.26446];
ry = [ry 1.40486];
rx = [rx -0.158165];
ry = [ry 1.47696];
rx = [rx -0.278805];
ry = [ry 1.35331];
rx = [rx -0.242335];
ry = [ry 1.36612];
rx = [rx -0.222557];
ry = [ry 1.36474];
rx = [rx -0.206773];
ry = [ry 1.36006];
rx = [rx -0.135449];
ry = [ry 1.41256];
rx = [rx -0.181529];
ry = [ry 1.34521];
rx = [rx -0.162359];
ry = [ry 1.34522];
rx = [rx -0.129753];
ry = [ry 1.36118];
rx = [rx -0.0844356];
ry = [ry 1.39389];
rx = [rx -0.0983754];
ry = [ry 1.35737];
rx = [rx -0.135391];
ry = [ry 1.28961];
rx = [rx -0.0692111];
ry = [ry 1.35261];
rx = [rx -0.0466558];
ry = [ry 1.36168];
rx = [rx -0.0329531];
ry = [ry 1.35953];
rx = [rx -0.0126008];
ry = [ry 1.36748];
rx = [rx 0.0544787];
ry = [ry 1.44753];
rx = [rx 0.051649];
ry = [ry 1.42404];
rx = [rx 0.0569819];
ry = [ry 1.41252];
rx = [rx 0.0416837];
ry = [ry 1.36529];
rx = [rx 0.075783];
ry = [ry 1.4024];
rx = [rx 0.070317];
ry = [ry 1.36984];
rx = [rx 0.141667];
ry = [ry 1.48331];
rx = [rx 0.123286];
ry = [ry 1.42624];
rx = [rx 0.163489];
ry = [ry 1.48791];
rx = [rx 0.128284];
ry = [ry 1.38927];
rx = [rx 0.139717];
ry = [ry 1.38937];
rx = [rx 0.176727];
ry = [ry 1.45207];
rx = [rx 0.164725];
ry = [ry 1.39639];
rx = [rx 0.161179];
ry = [ry 1.35784];
rx = [rx 0.202303];
ry = [ry 1.44245];
rx = [rx 0.202698];
ry = [ry 1.41473];
rx = [rx 0.219053];
ry = [ry 1.43499];
rx = [rx 0.238413];
ry = [ry 1.46848];
rx = [rx 0.253558];
ry = [ry 1.49158];
rx = [rx 0.272819];
ry = [ry 1.53445];
rx = [rx 0.265859];
ry = [ry 1.47395];
rx = [rx 0.272078];
ry = [ry 1.46372];
rx = [rx 0.297168];
ry = [ry 1.54583];
rx = [rx 0.290634];
ry = [ry 1.47163];
rx = [rx 0.308183];
ry = [ry 1.52752];
rx = [rx 0.308278];
ry = [ry 1.47866];
rx = [rx 0.335919];
ry = [ry 1.62971];
rx = [rx 0.32939];
ry = [ry 1.52278];
rx = [rx 0.328934];
ry = [ry 1.44056];
rx = [rx 0.343605];
ry = [ry 1.51891];
rx = [rx 0.351949];
ry = [ry 1.53679];
rx = [rx 0.362596];
ry = [ry 1.62592];
rx = [rx 0.366886];
ry = [ry 1.5795];
rx = [rx 0.37297];
ry = [ry 1.56105];
rx = [rx 0.37996];
ry = [ry 1.51884];
rx = [rx 0.384298];
ry = [ry 1.62139];
rx = [rx 0.389545];
ry = [ry 1.62641];
rx = [rx 0.398477];
ry = [ry 1.57077];
rx = [rx 0.406293];
ry = [ry 1.55313];
rx = [rx 0.406718];
ry = [ry 1.6169];
rx = [rx 0.405786];
ry = [ry 1.67318];
rx = [rx 0.404738];
ry = [ry 1.7156];
rx = [rx 0.423302];
ry = [ry 1.61904];
rx = [rx 0.426514];
ry = [ry 1.63343];
rx = [rx 0.444335];
ry = [ry 1.56742];
rx = [rx 0.447094];
ry = [ry 1.58637];
rx = [rx 0.42233];
ry = [ry 1.72524];
rx = [rx 0.449696];
ry = [ry 1.62831];
rx = [rx 0.451083];
ry = [ry 1.64478];
rx = [rx 0.41725];
ry = [ry 1.7851];
rx = [rx 0.471186];
ry = [ry 1.61404];
rx = [rx 0.458483];
ry = [ry 1.67329];
rx = [rx 0.442742];
ry = [ry 1.73496];
rx = [rx 0.45279];
ry = [ry 1.71775];
rx = [rx 0.480615];
ry = [ry 1.65526];
rx = [rx 0.489457];
ry = [ry 1.64711];
rx = [rx 0.489429];
ry = [ry 1.66121];
rx = [rx 0.479964];
ry = [ry 1.69575];
rx = [rx 0.503179];
ry = [ry 1.65604];
rx = [rx 0.489799];
ry = [ry 1.6963];
rx = [rx 0.484324];
ry = [ry 1.71751];
rx = [rx 0.459139];
ry = [ry 1.77477];
rx = [rx 0.471539];
ry = [ry 1.75863];
rx = [rx 0.4549];
ry = [ry 1.79497];
rx = [rx 0.475672];
ry = [ry 1.7654];
rx = [rx 0.457116];
ry = [ry 1.80207];
rx = [rx 0.507177];
ry = [ry 1.72894];
rx = [rx 0.421869];
ry = [ry 1.86488];
rx = [rx 0.508251];
ry = [ry 1.7424];
rx = [rx 0.432771];
ry = [ry 1.8547];
rx = [rx 0.516962];
ry = [ry 1.74436];
rx = [rx 0.533708];
ry = [ry 1.72942];
rx = [rx 0.494876];
ry = [ry 1.78526];
rx = [rx 0.520461];
ry = [ry 1.7596];
rx = [rx 0.433658];
ry = [ry 1.86686];
rx = [rx 0.548462];
ry = [ry 1.74005];
rx = [rx 0.466273];
ry = [ry 1.83604];
rx = [rx 0.516943];
ry = [ry 1.78629];
rx = [rx 0.430357];
ry = [ry 1.87909];
rx = [rx 0.483726];
ry = [ry 1.8288];
rx = [rx 0.512398];
ry = [ry 1.80535];
rx = [rx 0.524393];
ry = [ry 1.79887];
rx = [rx 0.479621];
ry = [ry 1.84298];
rx = [rx 0.53188];
ry = [ry 1.80174];
rx = [rx 0.476834];
ry = [ry 1.85154];
rx = [rx 0.547652];
ry = [ry 1.7984];
rx = [rx 0.55951];
ry = [ry 1.79417];
rx = [rx 0.573594];
ry = [ry 1.78882];
rx = [rx 0.522014];
ry = [ry 1.8307];
rx = [rx 0.519696];
ry = [ry 1.83609];
rx = [rx 0.505761];
ry = [ry 1.84892];
rx = [rx 0.529975];
ry = [ry 1.8368];
rx = [rx 0.564795];
ry = [ry 1.81931];
rx = [rx 0.496273];
ry = [ry 1.86395];
rx = [rx 0.461482];
ry = [ry 1.88633];
rx = [rx 0.57928];
ry = [ry 1.82469];
rx = [rx 0.536445];
ry = [ry 1.85141];
rx = [rx 0.51669];
ry = [ry 1.86474];
rx = [rx 0.517834];
ry = [ry 1.86724];
rx = [rx 0.555546];
ry = [ry 1.85318];
rx = [rx 0.512988];
ry = [ry 1.87533];
rx = [rx 0.477266];
ry = [ry 1.89286];
rx = [rx 0.54454];
ry = [ry 1.8686];
rx = [rx 0.529167];
ry = [ry 1.87769];
rx = [rx 0.516999];
ry = [ry 1.88501];
rx = [rx 0.554527];
ry = [ry 1.87531];
rx = [rx 0.526364];
ry = [ry 1.88757];
rx = [rx 0.441303];
ry = [ry 1.91542];
rx = [rx 0.563016];
ry = [ry 1.88322];
rx = [rx 0.454176];
ry = [ry 1.9146];
rx = [rx 0.505976];
ry = [ry 1.90375];
rx = [rx 0.569955];
ry = [ry 1.89213];
rx = [rx 0.556697];
ry = [ry 1.89834];
rx = [rx 0.554514];
ry = [ry 1.90202];
rx = [rx 0.535142];
ry = [ry 1.90843];
rx = [rx 0.524501];
ry = [ry 1.91286];
rx = [rx 0.46427];
ry = [ry 1.9233];
rx = [rx 0.456102];
ry = [ry 1.92578];
rx = [rx 0.486681];
ry = [ry 1.92433];
rx = [rx 0.400021];
ry = [ry 1.93291];
rx = [rx 0.534882];
ry = [ry 1.92541];
rx = [rx 0.438455];
ry = [ry 1.93218];
rx = [rx 0.493779];
ry = [ry 1.93197];
rx = [rx 0.53683];
ry = [ry 1.93376];
rx = [rx 0.462063];
ry = [ry 1.93575];
rx = [rx 0.497289];
ry = [ry 1.93827];
rx = [rx 0.511163];
ry = [ry 1.94104];
rx = [rx 0.567037];
ry = [ry 1.94696];
rx = [rx 0.548283];
ry = [ry 1.94881];
rx = [rx 0.548953];
ry = [ry 1.95191];
rx = [rx 0.494543];
ry = [ry 1.94865];
rx = [rx 0.516265];
ry = [ry 1.95367];
