rx = [];
ry = [];
rx = [rx -0.608012];
ry = [ry 1.99025];
rx = [rx -0.596239];
ry = [ry 1.97411];
rx = [rx -0.593657];
ry = [ry 1.95572];
rx = [rx -0.541239];
ry = [ry 1.95187];
rx = [rx -0.689843];
ry = [ry 1.887];
rx = [rx -0.607967];
ry = [ry 1.89266];
rx = [rx -0.676509];
ry = [ry 1.84843];
rx = [rx -0.538565];
ry = [ry 1.87785];
rx = [rx -0.521654];
ry = [ry 1.86518];
rx = [rx -0.538376];
ry = [ry 1.8391];
rx = [rx -0.481743];
ry = [ry 1.84372];
rx = [rx -0.54578];
ry = [ry 1.79579];
rx = [rx -0.527823];
ry = [ry 1.78369];
rx = [rx -0.592996];
ry = [ry 1.73085];
rx = [rx -0.567082];
ry = [ry 1.72191];
rx = [rx -0.550914];
ry = [ry 1.70845];
rx = [rx -0.551364];
ry = [ry 1.68597];
rx = [rx -0.578563];
ry = [ry 1.64736];
rx = [rx -0.466972];
ry = [ry 1.69155];
rx = [rx -0.565731];
ry = [ry 1.60739];
rx = [rx -0.507466];
ry = [ry 1.6212];
rx = [rx -0.593866];
ry = [ry 1.53852];
rx = [rx -0.504515];
ry = [ry 1.57547];
rx = [rx -0.483385];
ry = [ry 1.56629];
rx = [rx -0.503546];
ry = [ry 1.52611];
rx = [rx -0.494838];
ry = [ry 1.50697];
rx = [rx -0.466992];
ry = [ry 1.50329];
rx = [rx -0.46462];
ry = [ry 1.47886];
rx = [rx -0.467493];
ry = [ry 1.44915];
rx = [rx -0.442553];
ry = [ry 1.44377];
rx = [rx -0.266308];
ry = [ry 1.58195];
rx = [rx -0.334706];
ry = [ry 1.49183];
rx = [rx -0.303749];
ry = [ry 1.49675];
rx = [rx -0.252235];
ry = [ry 1.52449];
rx = [rx -0.252245];
ry = [ry 1.49916];
rx = [rx -0.23857];
ry = [ry 1.48823];
rx = [rx -0.257276];
ry = [ry 1.43965];
rx = [rx -0.172971];
ry = [ry 1.51268];
rx = [rx -0.232911];
ry = [ry 1.41148];
rx = [rx -0.0815074];
ry = [ry 1.57759];
rx = [rx -0.187551];
ry = [ry 1.41075];
rx = [rx -0.128682];
ry = [ry 1.46204];
rx = [rx -0.087246];
ry = [ry 1.49277];
rx = [rx -0.0824655];
ry = [ry 1.47151];
rx = [rx -0.0969611];
ry = [ry 1.41918];
rx = [rx -0.0767966];
ry = [ry 1.41964];
rx = [rx -0.0459985];
ry = [ry 1.4388];
rx = [rx -0.0229637];
ry = [ry 1.44659];
rx = [rx -0.00325672];
ry = [ry 1.44961];
rx = [rx -0.0563419];
ry = [ry 1.31458];
rx = [rx -0.0214266];
ry = [ry 1.3437];
rx = [rx 0.0495347];
ry = [ry 1.45125];
rx = [rx 0.0647996];
ry = [ry 1.4481];
rx = [rx 0.0584426];
ry = [ry 1.39588];
rx = [rx 0.11889];
ry = [ry 1.4992];
rx = [rx 0.119721];
ry = [ry 1.46354];
rx = [rx 0.178292];
ry = [ry 1.57785];
rx = [rx 0.131908];
ry = [ry 1.41144];
rx = [rx 0.157736];
ry = [ry 1.4402];
rx = [rx 0.175748];
ry = [ry 1.44849];
rx = [rx 0.191838];
ry = [ry 1.45197];
rx = [rx 0.22916];
ry = [ry 1.53228];
rx = [rx 0.221113];
ry = [ry 1.45108];
rx = [rx 0.237918];
ry = [ry 1.4603];
rx = [rx 0.258846];
ry = [ry 1.48996];
rx = [rx 0.282868];
ry = [ry 1.54043];
rx = [rx 0.288194];
ry = [ry 1.5017];
rx = [rx 0.288291];
ry = [ry 1.42449];
rx = [rx 0.316056];
ry = [ry 1.51154];
rx = [rx 0.331479];
ry = [ry 1.53033];
rx = [rx 0.344531];
ry = [ry 1.53503];
rx = [rx 0.358559];
ry = [ry 1.55178];
rx = [rx 0.378921];
ry = [ry 1.65422];
rx = [rx 0.387724];
ry = [ry 1.63226];
rx = [rx 0.39794];
ry = [ry 1.62471];
rx = [rx 0.407217];
ry = [ry 1.57595];
rx = [rx 0.41929];
ry = [ry 1.62487];
rx = [rx 0.430144];
ry = [ry 1.59369];
rx = [rx 0.438193];
ry = [ry 1.72749];
rx = [rx 0.449492];
ry = [ry 1.66861];
rx = [rx 0.455115];
ry = [ry 1.74202];
rx = [rx 0.471643];
ry = [ry 1.63859];
rx = [rx 0.481617];
ry = [ry 1.64417];
rx = [rx 0.483949];
ry = [ry 1.71694];
rx = [rx 0.50018];
ry = [ry 1.66234];
rx = [rx 0.515592];
ry = [ry 1.62683];
rx = [rx 0.511002];
ry = [ry 1.72079];
rx = [rx 0.524666];
ry = [ry 1.69668];
rx = [rx 0.529276];
ry = [ry 1.7223];
rx = [rx 0.530163];
ry = [ry 1.76097];
rx = [rx 0.532345];
ry = [ry 1.78851];
rx = [rx 0.528637];
ry = [ry 1.83536];
rx = [rx 0.551601];
ry = [ry 1.77896];
rx = [rx 0.561972];
ry = [ry 1.77298];
rx = [rx 0.544523];
ry = [ry 1.85704];
rx = [rx 0.574446];
ry = [ry 1.78883];
rx = [rx 0.562978];
ry = [ry 1.84628];
rx = [rx 0.58654];
ry = [ry 1.80347];
rx = [rx 0.538199];
ry = [ry 1.94922];
rx = [rx 0.583856];
ry = [ry 1.85231];
rx = [rx 0.622963];
ry = [ry 1.77998];
rx = [rx 0.598182];
ry = [ry 1.85574];
rx = [rx 0.596907];
ry = [ry 1.87544];
rx = [rx 0.563415];
ry = [ry 1.95872];
rx = [rx 0.589485];
ry = [ry 1.92007];
rx = [rx 0.603687];
ry = [ry 1.90681];
rx = [rx 0.630096];
ry = [ry 1.87316];
rx = [rx 0.584623];
ry = [ry 1.96518];
rx = [rx 0.586817];
ry = [ry 1.97209];
rx = [rx 0.621383];
ry = [ry 1.92759];
rx = [rx 0.636716];
ry = [ry 1.91588];
rx = [rx 0.606445];
ry = [ry 1.97201];
rx = [rx 0.578584];
ry = [ry 2.02092];
rx = [rx 0.557284];
ry = [ry 2.05761];
rx = [rx 0.619959];
ry = [ry 1.98186];
rx = [rx 0.615862];
ry = [ry 1.99602];
rx = [rx 0.663209];
ry = [ry 1.94669];
rx = [rx 0.656524];
ry = [ry 1.96463];
rx = [rx 0.568077];
ry = [ry 2.07452];
rx = [rx 0.638654];
ry = [ry 2.00267];
rx = [rx 0.631954];
ry = [ry 2.01778];
rx = [rx 0.534857];
ry = [ry 2.12458];
rx = [rx 0.664358];
ry = [ry 2.00047];
rx = [rx 0.624746];
ry = [ry 2.04633];
rx = [rx 0.581307];
ry = [ry 2.09286];
rx = [rx 0.59839];
ry = [ry 2.08259];
rx = [rx 0.652816];
ry = [ry 2.04116];
rx = [rx 0.664489];
ry = [ry 2.03826];
rx = [rx 0.657689];
ry = [ry 2.05061];
rx = [rx 0.632793];
ry = [ry 2.07635];
rx = [rx 0.672231];
ry = [ry 2.05269];
rx = [rx 0.641152];
ry = [ry 2.08156];
rx = [rx 0.626157];
ry = [ry 2.09754];
rx = [rx 0.57656];
ry = [ry 2.13564];
rx = [rx 0.595186];
ry = [ry 2.12745];
rx = [rx 0.563134];
ry = [ry 2.15132];
rx = [rx 0.595559];
ry = [ry 2.13538];
rx = [rx 0.561663];
ry = [ry 2.15862];
rx = [rx 0.640708];
ry = [ry 2.11854];
rx = [rx 0.500573];
ry = [ry 2.19676];
rx = [rx 0.635185];
ry = [ry 2.13086];
rx = [rx 0.515025];
ry = [ry 2.19308];
rx = [rx 0.641881];
ry = [ry 2.13676];
rx = [rx 0.663745];
ry = [ry 2.13171];
rx = [rx 0.602859];
ry = [ry 2.16202];
rx = [rx 0.637624];
ry = [ry 2.15181];
rx = [rx 0.509963];
ry = [ry 2.20416];
rx = [rx 0.671575];
ry = [ry 2.14812];
rx = [rx 0.553372];
ry = [ry 2.19281];
rx = [rx 0.621715];
ry = [ry 2.17353];
rx = [rx 0.50119];
ry = [ry 2.2133];
rx = [rx 0.57216];
ry = [ry 2.19484];
rx = [rx 0.608569];
ry = [ry 2.18806];
rx = [rx 0.622206];
ry = [ry 2.18813];
rx = [rx 0.561743];
ry = [ry 2.20531];
rx = [rx 0.62739];
ry = [ry 2.19425];
rx = [rx 0.555187];
ry = [ry 2.21148];
rx = [rx 0.642828];
ry = [ry 2.1989];
rx = [rx 0.65526];
ry = [ry 2.20089];
rx = [rx 0.670182];
ry = [ry 2.20297];
rx = [rx 0.604823];
ry = [ry 2.21491];
rx = [rx 0.600202];
ry = [ry 2.21852];
rx = [rx 0.581815];
ry = [ry 2.22308];
rx = [rx 0.608875];
ry = [ry 2.22408];
rx = [rx 0.647813];
ry = [ry 2.22548];
rx = [rx 0.566272];
ry = [ry 2.2317];
rx = [rx 0.525006];
ry = [ry 2.23461];
rx = [rx 0.657934];
ry = [ry 2.23715];
rx = [rx 0.607527];
ry = [ry 2.24001];
rx = [rx 0.583798];
ry = [ry 2.2422];
rx = [rx 0.583598];
ry = [ry 2.24495];
rx = [rx 0.623427];
ry = [ry 2.25074];
rx = [rx 0.575462];
ry = [ry 2.24971];
rx = [rx 0.535711];
ry = [ry 2.24792];
rx = [rx 0.606364];
ry = [ry 2.25898];
rx = [rx 0.588515];
ry = [ry 2.25956];
rx = [rx 0.57433];
ry = [ry 2.26012];
rx = [rx 0.611902];
ry = [ry 2.26965];
rx = [rx 0.581312];
ry = [ry 2.26687];
rx = [rx 0.493328];
ry = [ry 2.25043];
rx = [rx 0.615544];
ry = [ry 2.28067];
rx = [rx 0.505013];
ry = [ry 2.2559];
rx = [rx 0.555654];
ry = [ry 2.27127];
rx = [rx 0.61735];
ry = [ry 2.29182];
rx = [rx 0.602739];
ry = [ry 2.29089];
rx = [rx 0.599055];
ry = [ry 2.29307];
rx = [rx 0.578983];
ry = [ry 2.28939];
rx = [rx 0.567526];
ry = [ry 2.28816];
rx = [rx 0.509688];
ry = [ry 2.26837];
rx = [rx 0.501331];
ry = [ry 2.26662];
rx = [rx 0.528844];
ry = [ry 2.28005];
rx = [rx 0.448725];
ry = [ry 2.24593];
rx = [rx 0.570599];
ry = [ry 2.30415];
rx = [rx 0.482778];
ry = [ry 2.26376];
rx = [rx 0.531401];
ry = [ry 2.29015];
rx = [rx 0.568296];
ry = [ry 2.31241];
rx = [rx 0.501768];
ry = [ry 2.27823];
rx = [rx 0.531451];
ry = [ry 2.29736];
rx = [rx 0.542288];
ry = [ry 2.30646];
rx = [rx 0.588442];
ry = [ry 2.3385];
rx = [rx 0.571109];
ry = [ry 2.33111];
rx = [rx 0.570203];
ry = [ry 2.33416];
rx = [rx 0.524054];
ry = [ry 2.30515];
rx = [rx 0.540689];
