rx = [];
ry = [];
rx = [rx -0.639731];
ry = [ry 2.30163];
rx = [rx -0.640079];
ry = [ry 2.28166];
rx = [rx -0.649118];
ry = [ry 2.26544];
rx = [rx -0.609644];
ry = [ry 2.23073];
rx = [rx -0.767289];
ry = [ry 2.26867];
rx = [rx -0.698583];
ry = [ry 2.22378];
rx = [rx -0.779928];
ry = [ry 2.22987];
rx = [rx -0.652177];
ry = [ry 2.17009];
rx = [rx -0.646337];
ry = [ry 2.14978];
rx = [rx -0.675409];
ry = [ry 2.13908];
rx = [rx -0.627457];
ry = [ry 2.10859];
rx = [rx -0.707443];
ry = [ry 2.10901];
rx = [rx -0.700423];
ry = [ry 2.08853];
rx = [rx -0.784282];
ry = [ry 2.08572];
rx = [rx -0.769013];
ry = [ry 2.06295];
rx = [rx -0.764237];
ry = [ry 2.04246];
rx = [rx -0.778164];
ry = [ry 2.02481];
rx = [rx -0.823151];
ry = [ry 2.01043];
rx = [rx -0.707498];
ry = [ry 1.97833];
rx = [rx -0.837038];
ry = [ry 1.97081];
rx = [rx -0.782239];
ry = [ry 1.94667];
rx = [rx -0.901029];
ry = [ry 1.93287];
rx = [rx -0.807482];
ry = [ry 1.90842];
rx = [rx -0.79617];
ry = [ry 1.88835];
rx = [rx -0.836493];
ry = [ry 1.86847];
rx = [rx -0.841097];
ry = [ry 1.84796];
rx = [rx -0.82111];
ry = [ry 1.82822];
rx = [rx -0.833964];
ry = [ry 1.80731];
rx = [rx -0.85418];
ry = [ry 1.78535];
rx = [rx -0.837537];
ry = [ry 1.76601];
rx = [rx -0.613617];
ry = [ry 1.76985];
rx = [rx -0.722536];
ry = [ry 1.73926];
rx = [rx -0.694886];
ry = [ry 1.7245];
rx = [rx -0.637067];
ry = [ry 1.71554];
rx = [rx -0.65236];
ry = [ry 1.69534];
rx = [rx -0.648046];
ry = [ry 1.67838];
rx = [rx -0.692281];
ry = [ry 1.65092];
rx = [rx -0.580982];
ry = [ry 1.6583];
rx = [rx -0.689845];
ry = [ry 1.61376];
rx = [rx -0.468879];
ry = [ry 1.65487];
rx = [rx -0.654117];
ry = [ry 1.58581];
rx = [rx -0.576222];
ry = [ry 1.59119];
rx = [rx -0.524637];
ry = [ry 1.59069];
rx = [rx -0.533655];
ry = [ry 1.57085];
rx = [rx -0.576787];
ry = [ry 1.53787];
rx = [rx -0.56043];
ry = [ry 1.52607];
rx = [rx -0.524311];
ry = [ry 1.52277];
rx = [rx -0.501242];
ry = [ry 1.51508];
rx = [rx -0.483705];
ry = [ry 1.50559];
rx = [rx -0.607514];
ry = [ry 1.42995];
rx = [rx -0.562103];
ry = [ry 1.4321];
rx = [rx -0.440619];
ry = [ry 1.47505];
rx = [rx -0.430346];
ry = [ry 1.46332];
rx = [rx -0.466927];
ry = [ry 1.42551];
rx = [rx -0.35638];
ry = [ry 1.47143];
rx = [rx -0.377235];
ry = [ry 1.44249];
rx = [rx -0.261551];
ry = [ry 1.49831];
rx = [rx -0.398952];
ry = [ry 1.3936];
rx = [rx -0.361001];
ry = [ry 1.40095];
rx = [rx -0.341638];
ry = [ry 1.39669];
rx = [rx -0.326706];
ry = [ry 1.38975];
rx = [rx -0.248481];
ry = [ry 1.43128];
rx = [rx -0.303901];
ry = [ry 1.37138];
rx = [rx -0.284934];
ry = [ry 1.36859];
rx = [rx -0.250348];
ry = [ry 1.37962];
rx = [rx -0.20074];
ry = [ry 1.40536];
rx = [rx -0.219863];
ry = [ry 1.37127];
rx = [rx -0.266375];
ry = [ry 1.30964];
rx = [rx -0.191706];
ry = [ry 1.3623];
rx = [rx -0.168068];
ry = [ry 1.36798];
rx = [rx -0.154827];
ry = [ry 1.36385];
rx = [rx -0.133532];
ry = [ry 1.36874];
rx = [rx -0.0554834];
ry = [ry 1.43814];
rx = [rx -0.0617116];
ry = [ry 1.41532];
rx = [rx -0.0581187];
ry = [ry 1.40314];
rx = [rx -0.0801481];
ry = [ry 1.35865];
rx = [rx -0.0409963];
ry = [ry 1.39039];
rx = [rx -0.051158];
ry = [ry 1.35897];
rx = [rx 0.0359945];
ry = [ry 1.46081];
rx = [rx 0.00947869];
ry = [ry 1.40704];
rx = [rx 0.0582548];
ry = [ry 1.46218];
rx = [rx 0.00902519];
ry = [ry 1.36973];
rx = [rx 0.0203507];
ry = [ry 1.36817];
rx = [rx 0.0661183];
ry = [ry 1.42479];
rx = [rx 0.0461154];
ry = [ry 1.37145];
rx = [rx 0.0369788];
ry = [ry 1.33384];
rx = [rx 0.0900149];
ry = [ry 1.41154];
rx = [rx 0.0863593];
ry = [ry 1.38406];
rx = [rx 0.105497];
ry = [ry 1.40171];
rx = [rx 0.129539];
ry = [ry 1.43201];
rx = [rx 0.147894];
ry = [ry 1.45265];
rx = [rx 0.173208];
ry = [ry 1.49225];
rx = [rx 0.15749];
ry = [ry 1.43342];
rx = [rx 0.162149];
ry = [ry 1.42239];
rx = [rx 0.198957];
ry = [ry 1.49995];
rx = [rx 0.18166];
ry = [ry 1.42751];
rx = [rx 0.207181];
ry = [ry 1.48024];
rx = [rx 0.200142];
ry = [ry 1.43189];
rx = [rx 0.24954];
ry = [ry 1.57728];
rx = [rx 0.227468];
ry = [ry 1.47245];
rx = [rx 0.215013];
ry = [ry 1.39118];
rx = [rx 0.240966];
ry = [ry 1.46654];
rx = [rx 0.251831];
ry = [ry 1.48302];
rx = [rx 0.275378];
ry = [ry 1.56964];
rx = [rx 0.272843];
ry = [ry 1.52309];
rx = [rx 0.276169];
ry = [ry 1.50395];
rx = [rx 0.276922];
ry = [ry 1.46117];
rx = [rx 0.296186];
ry = [ry 1.56199];
rx = [rx 0.302109];
ry = [ry 1.56618];
rx = [rx 0.302822];
ry = [ry 1.50984];
rx = [rx 0.307979];
ry = [ry 1.49125];
rx = [rx 0.31771];
ry = [ry 1.55427];
rx = [rx 0.325004];
ry = [ry 1.61009];
rx = [rx 0.330161];
ry = [ry 1.6522];
rx = [rx 0.334429];
ry = [ry 1.55397];
rx = [rx 0.339707];
ry = [ry 1.56774];
rx = [rx 0.347699];
ry = [ry 1.49983];
rx = [rx 0.353196];
ry = [ry 1.51817];
rx = [rx 0.348972];
ry = [ry 1.65917];
rx = [rx 0.361893];
ry = [ry 1.55929];
rx = [rx 0.365671];
ry = [ry 1.57538];
rx = [rx 0.352686];
ry = [ry 1.71913];
rx = [rx 0.381069];
ry = [ry 1.54203];
rx = [rx 0.377153];
ry = [ry 1.6025];
rx = [rx 0.370584];
ry = [ry 1.66581];
rx = [rx 0.378012];
ry = [ry 1.64731];
rx = [rx 0.396416];
ry = [ry 1.58144];
rx = [rx 0.403972];
ry = [ry 1.57208];
rx = [rx 0.406004];
ry = [ry 1.58603];
rx = [rx 0.401682];
ry = [ry 1.62158];
rx = [rx 0.418852];
ry = [ry 1.57891];
rx = [rx 0.411492];
ry = [ry 1.62069];
rx = [rx 0.409174];
ry = [ry 1.64248];
rx = [rx 0.392618];
ry = [ry 1.70279];
rx = [rx 0.402529];
ry = [ry 1.68502];
rx = [rx 0.391373];
ry = [ry 1.7234];
rx = [rx 0.407606];
ry = [ry 1.69112];
rx = [rx 0.394603];
ry = [ry 1.73011];
rx = [rx 0.433451];
ry = [ry 1.65045];
rx = [rx 0.368903];
ry = [ry 1.79738];
rx = [rx 0.436478];
ry = [ry 1.6636];
rx = [rx 0.378202];
ry = [ry 1.78572];
rx = [rx 0.445381];
ry = [ry 1.66427];
rx = [rx 0.459768];
ry = [ry 1.64705];
rx = [rx 0.429503];
ry = [ry 1.70796];
rx = [rx 0.451069];
ry = [ry 1.67884];
rx = [rx 0.380854];
ry = [ry 1.79762];
rx = [rx 0.475915];
ry = [ry 1.65541];
rx = [rx 0.408621];
ry = [ry 1.76237];
rx = [rx 0.451484];
ry = [ry 1.70576];
rx = [rx 0.379375];
ry = [ry 1.8102];
rx = [rx 0.424829];
ry = [ry 1.75266];
rx = [rx 0.449771];
ry = [ry 1.72528];
rx = [rx 0.46069];
ry = [ry 1.71711];
rx = [rx 0.422839];
ry = [ry 1.76729];
rx = [rx 0.468517];
ry = [ry 1.71886];
rx = [rx 0.421332];
ry = [ry 1.77616];
rx = [rx 0.483632];
ry = [ry 1.71325];
rx = [rx 0.494746];
ry = [ry 1.70734];
rx = [rx 0.507898];
ry = [ry 1.69999];
rx = [rx 0.462985];
ry = [ry 1.74895];
rx = [rx 0.461479];
ry = [ry 1.75462];
rx = [rx 0.449566];
ry = [ry 1.76934];
rx = [rx 0.471751];
ry = [ry 1.75382];
rx = [rx 0.503645];
ry = [ry 1.73144];
rx = [rx 0.442374];
ry = [ry 1.7856];
rx = [rx 0.411224];
ry = [ry 1.81282];
rx = [rx 0.518759];
ry = [ry 1.73464];
rx = [rx 0.480286];
ry = [ry 1.76733];
rx = [rx 0.462688];
ry = [ry 1.7834];
rx = [rx 0.464185];
ry = [ry 1.78571];
rx = [rx 0.49944];
ry = [ry 1.76629];
rx = [rx 0.460572];
ry = [ry 1.79442];
rx = [rx 0.427791];
ry = [ry 1.81697];
rx = [rx 0.490804];
ry = [ry 1.78316];
rx = [rx 0.476923];
ry = [ry 1.79439];
rx = [rx 0.465952];
ry = [ry 1.80341];
rx = [rx 0.501662];
ry = [ry 1.78833];
rx = [rx 0.475591];
ry = [ry 1.80457];
rx = [rx 0.395508];
ry = [ry 1.84455];
rx = [rx 0.511215];
ry = [ry 1.79492];
rx = [rx 0.408124];
ry = [ry 1.84186];
rx = [rx 0.457785];
ry = [ry 1.82356];
rx = [rx 0.51938];
ry = [ry 1.80272];
rx = [rx 0.507172];
ry = [ry 1.8108];
rx = [rx 0.505549];
ry = [ry 1.81476];
rx = [rx 0.487322];
ry = [ry 1.82393];
rx = [rx 0.47744];
ry = [ry 1.82986];
rx = [rx 0.419379];
ry = [ry 1.84898];
rx = [rx 0.411662];
ry = [ry 1.85264];
rx = [rx 0.441702];
ry = [ry 1.84674];
rx = [rx 0.357222];
ry = [ry 1.86787];
rx = [rx 0.489542];
ry = [ry 1.84076];
rx = [rx 0.395138];
ry = [ry 1.86154];
rx = [rx 0.449837];
ry = [ry 1.85325];
rx = [rx 0.492689];
ry = [ry 1.84874];
rx = [rx 0.419013];
ry = [ry 1.86163];
rx = [rx 0.454229];
ry = [ry 1.85897];
rx = [rx 0.468359];
ry = [ry 1.85969];
rx = [rx 0.5245];
ry = [ry 1.85739];
rx = [rx 0.506216];
ry = [ry 1.86195];
rx = [rx 0.507332];
ry = [ry 1.86493];
rx = [rx 0.453029];
ry = [ry 1.86965];
