rx = [];
ry = [];
rx = [rx -0.752023];
ry = [ry 2.58975];
rx = [rx -0.754328];
ry = [ry 2.56991];
rx = [rx -0.764914];
ry = [ry 2.55465];
rx = [rx -0.729034];
ry = [ry 2.51624];
rx = [rx -0.882199];
ry = [ry 2.56946];
rx = [rx -0.818225];
ry = [ry 2.51805];
rx = [rx -0.898581];
ry = [ry 2.53208];
rx = [rx -0.777307];
ry = [ry 2.46007];
rx = [rx -0.773487];
ry = [ry 2.43928];
rx = [rx -0.803469];
ry = [ry 2.43148];
rx = [rx -0.758737];
ry = [ry 2.39644];
rx = [rx -0.838297];
ry = [ry 2.4047];
rx = [rx -0.833319];
ry = [ry 2.38363];
rx = [rx -0.917049];
ry = [ry 2.38905];
rx = [rx -0.904087];
ry = [ry 2.36489];
rx = [rx -0.901343];
ry = [ry 2.34404];
rx = [rx -0.916933];
ry = [ry 2.32783];
rx = [rx -0.963113];
ry = [ry 2.31794];
rx = [rx -0.851165];
ry = [ry 2.27466];
rx = [rx -0.980819];
ry = [ry 2.27987];
rx = [rx -0.92865];
ry = [ry 2.25047];
rx = [rx -1.04822];
ry = [ry 2.24839];
rx = [rx -0.957522];
ry = [ry 2.21488];
rx = [rx -0.948233];
ry = [ry 2.1938];
rx = [rx -0.990311];
ry = [ry 2.17797];
rx = [rx -0.996905];
ry = [ry 2.15801];
rx = [rx -0.978948];
ry = [ry 2.13641];
rx = [rx -0.993792];
ry = [ry 2.11685];
rx = [rx -1.01606];
ry = [ry 2.09699];
rx = [rx -1.0014];
ry = [ry 2.07611];
rx = [rx -0.77818];
ry = [ry 2.05797];
rx = [rx -0.889573];
ry = [ry 2.03821];
rx = [rx -0.863503];
ry = [ry 2.02081];
rx = [rx -0.806842];
ry = [ry 2.00622];
rx = [rx -0.824041];
ry = [ry 1.98762];
rx = [rx -0.821411];
ry = [ry 1.97032];
rx = [rx -0.868125];
ry = [ry 1.94733];
rx = [rx -0.756641];
ry = [ry 1.94376];
rx = [rx -0.869345];
ry = [ry 1.91011];
rx = [rx -0.645414];
ry = [ry 1.92935];
rx = [rx -0.836531];
ry = [ry 1.87879];
rx = [rx -0.758484];
ry = [ry 1.8765];
rx = [rx -0.707196];
ry = [ry 1.87095];
rx = [rx -0.718116];
ry = [ry 1.85209];
rx = [rx -0.764274];
ry = [ry 1.8235];
rx = [rx -0.749152];
ry = [ry 1.81015];
rx = [rx -0.713532];
ry = [ry 1.80332];
rx = [rx -0.691328];
ry = [ry 1.79341];
rx = [rx -0.674805];
ry = [ry 1.78225];
rx = [rx -0.805435];
ry = [ry 1.71911];
rx = [rx -0.760032];
ry = [ry 1.7168];
rx = [rx -0.634922];
ry = [ry 1.74762];
rx = [rx -0.625849];
ry = [ry 1.73495];
rx = [rx -0.665961];
ry = [ry 1.70091];
rx = [rx -0.551444];
ry = [ry 1.73577];
rx = [rx -0.575036];
ry = [ry 1.70901];
rx = [rx -0.454436];
ry = [ry 1.75322];
rx = [rx -0.601443];
ry = [ry 1.66248];
rx = [rx -0.562954];
ry = [ry 1.66608];
rx = [rx -0.544102];
ry = [ry 1.65994];
rx = [rx -0.529922];
ry = [ry 1.65157];
rx = [rx -0.448002];
ry = [ry 1.68523];
rx = [rx -0.509029];
ry = [ry 1.63105];
rx = [rx -0.490426];
ry = [ry 1.62642];
rx = [rx -0.454926];
ry = [ry 1.634];
rx = [rx -0.403032];
ry = [ry 1.65476];
rx = [rx -0.425407];
ry = [ry 1.6227];
rx = [rx -0.477737];
ry = [ry 1.56593];
rx = [rx -0.398264];
ry = [ry 1.61102];
rx = [rx -0.374183];
ry = [ry 1.61435];
rx = [rx -0.361411];
ry = [ry 1.60894];
rx = [rx -0.339739];
ry = [ry 1.61172];
rx = [rx -0.255261];
ry = [ry 1.67314];
rx = [rx -0.263697];
ry = [ry 1.65104];
rx = [rx -0.261316];
ry = [ry 1.63856];
rx = [rx -0.287601];
ry = [ry 1.59645];
rx = [rx -0.245527];
ry = [ry 1.62419];
rx = [rx -0.25872];
ry = [ry 1.59392];
rx = [rx -0.162002];
ry = [ry 1.68672];
rx = [rx -0.193662];
ry = [ry 1.63581];
rx = [rx -0.139714];
ry = [ry 1.68591];
rx = [rx -0.197772];
ry = [ry 1.59873];
rx = [rx -0.186654];
ry = [ry 1.59606];
rx = [rx -0.135555];
ry = [ry 1.64792];
rx = [rx -0.160691];
ry = [ry 1.59681];
rx = [rx -0.173472];
ry = [ry 1.56027];
rx = [rx -0.113073];
ry = [ry 1.63239];
rx = [rx -0.119405];
ry = [ry 1.6054];
rx = [rx -0.0986288];
ry = [ry 1.62109];
rx = [rx -0.0717321];
ry = [ry 1.64889];
rx = [rx -0.0514417];
ry = [ry 1.66763];
rx = [rx -0.0223664];
ry = [ry 1.70456];
rx = [rx -0.0437775];
ry = [ry 1.64756];
rx = [rx -0.0402223];
ry = [ry 1.63612];
rx = [rx 0.00401384];
ry = [ry 1.7097];
rx = [rx -0.0203037];
ry = [ry 1.6393];
rx = [rx 0.0102649];
ry = [ry 1.68927];
rx = [rx -0.00148154];
ry = [ry 1.64184];
rx = [rx 0.0619359];
ry = [ry 1.7817];
rx = [rx 0.0296908];
ry = [ry 1.67953];
rx = [rx 0.00932632];
ry = [ry 1.59987];
rx = [rx 0.0425443];
ry = [ry 1.67233];
rx = [rx 0.0549725];
ry = [ry 1.68766];
rx = [rx 0.0868996];
ry = [ry 1.77155];
rx = [rx 0.079812];
ry = [ry 1.72547];
rx = [rx 0.081245];
ry = [ry 1.7061];
rx = [rx 0.0778006];
ry = [ry 1.66346];
rx = [rx 0.106858];
ry = [ry 1.7619];
rx = [rx 0.113163];
ry = [ry 1.7655];
rx = [rx 0.108348];
ry = [ry 1.70935];
rx = [rx 0.111656];
ry = [ry 1.69034];
rx = [rx 0.127521];
ry = [ry 1.75211];
rx = [rx 0.140253];
ry = [ry 1.80694];
rx = [rx 0.149514];
ry = [ry 1.84835];
rx = [rx 0.14413];
ry = [ry 1.75017];
rx = [rx 0.150732];
ry = [ry 1.76335];
rx = [rx 0.152027];
ry = [ry 1.69499];
rx = [rx 0.159296];
ry = [ry 1.71271];
rx = [rx 0.168918];
ry = [ry 1.85344];
rx = [rx 0.171983];
ry = [ry 1.75277];
rx = [rx 0.17732];
ry = [ry 1.76841];
rx = [rx 0.178494];
ry = [ry 1.91275];
rx = [rx 0.189374];
ry = [ry 1.73371];
rx = [rx 0.191406];
ry = [ry 1.79428];
rx = [rx 0.191077];
ry = [ry 1.85792];
rx = [rx 0.196655];
ry = [ry 1.83879];
rx = [rx 0.208511];
ry = [ry 1.77143];
rx = [rx 0.215114];
ry = [ry 1.76137];
rx = [rx 0.218504];
ry = [ry 1.77506];
rx = [rx 0.217688];
ry = [ry 1.81086];
rx = [rx 0.230592];
ry = [ry 1.76671];
rx = [rx 0.227364];
ry = [ry 1.80901];
rx = [rx 0.227193];
ry = [ry 1.83092];
rx = [rx 0.216631];
ry = [ry 1.89257];
rx = [rx 0.224752];
ry = [ry 1.87392];
rx = [rx 0.217413];
ry = [ry 1.9132];
rx = [rx 0.230402];
ry = [ry 1.87948];
rx = [rx 0.221285];
ry = [ry 1.91956];
rx = [rx 0.252134];
ry = [ry 1.83647];
rx = [rx 0.202306];
ry = [ry 1.98903];
rx = [rx 0.256436];
ry = [ry 1.84927];
rx = [rx 0.210416];
ry = [ry 1.97651];
rx = [rx 0.265363];
ry = [ry 1.84906];
rx = [rx 0.277991];
ry = [ry 1.83051];
rx = [rx 0.253844];
ry = [ry 1.89409];
rx = [rx 0.272452];
ry = [ry 1.863];
rx = [rx 0.214222];
ry = [ry 1.98809];
rx = [rx 0.29488];
ry = [ry 1.83725];
rx = [rx 0.238399];
ry = [ry 1.95029];
rx = [rx 0.275504];
ry = [ry 1.88975];
rx = [rx 0.213983];
ry = [ry 2.00076];
rx = [rx 0.253577];
ry = [ry 1.93903];
rx = [rx 0.275714];
ry = [ry 1.90934];
rx = [rx 0.285779];
ry = [ry 1.90014];
rx = [rx 0.253031];
ry = [ry 1.95379];
rx = [rx 0.29374];
ry = [ry 1.90112];
rx = [rx 0.252401];
ry = [ry 1.96277];
rx = [rx 0.308232];
ry = [ry 1.89405];
rx = [rx 0.318712];
ry = [ry 1.88708];
rx = [rx 0.33108];
ry = [ry 1.87847];
rx = [rx 0.291185];
ry = [ry 1.9316];
rx = [rx 0.290241];
ry = [ry 1.93739];
rx = [rx 0.27983];
ry = [ry 1.95322];
rx = [rx 0.300386];
ry = [ry 1.93559];
rx = [rx 0.329931];
ry = [ry 1.91019];
rx = [rx 0.274266];
ry = [ry 1.9701];
rx = [rx 0.245936];
ry = [ry 2.00024];
rx = [rx 0.345287];
ry = [ry 1.91189];
rx = [rx 0.310205];
ry = [ry 1.9482];
rx = [rx 0.294267];
ry = [ry 1.96592];
rx = [rx 0.295984];
ry = [ry 1.96807];
rx = [rx 0.329165];
ry = [ry 1.94529];
rx = [rx 0.293242];
ry = [ry 1.97709];
rx = [rx 0.262831];
ry = [ry 2.00275];
rx = [rx 0.322224];
ry = [ry 1.96292];
rx = [rx 0.309512];
ry = [ry 1.97546];
rx = [rx 0.299477];
ry = [ry 1.98551];
rx = [rx 0.333537];
ry = [ry 1.967];
rx = [rx 0.309184];
ry = [ry 1.98572];
rx = [rx 0.233408];
ry = [ry 2.03336];
rx = [rx 0.343691];
ry = [ry 1.97262];
rx = [rx 0.245699];
ry = [ry 2.02944];
rx = [rx 0.293326];
ry = [ry 2.00637];
rx = [rx 0.352581];
ry = [ry 1.97958];
rx = [rx 0.341223];
ry = [ry 1.98882];
rx = [rx 0.339997];
ry = [ry 1.99292];
rx = [rx 0.322757];
ry = [ry 2.00384];
rx = [rx 0.313504];
ry = [ry 2.01071];
rx = [rx 0.257598];
ry = [ry 2.03543];
rx = [rx 0.250276];
ry = [ry 2.03982];
rx = [rx 0.279593];
ry = [ry 2.03101];
rx = [rx 0.197593];
ry = [ry 2.06033];
rx = [rx 0.326617];
ry = [ry 2.02037];
rx = [rx 0.234706];
ry = [ry 2.05031];
rx = [rx 0.288328];
ry = [ry 2.03669];
rx = [rx 0.330531];
ry = [ry 2.028];
rx = [rx 0.258474];
ry = [ry 2.04805];
rx = [rx 0.29326];
ry = [ry 2.04196];
rx = [rx 0.307392];
ry = [ry 2.04128];
rx = [rx 0.363037];
ry = [ry 2.03349];
rx = [rx 0.345288];
ry = [ry 2.03983];
rx = [rx 0.346691];
ry = [ry 2.04268];
rx = [rx 0.293112];
