rx = [];
ry = [];
rx = [rx -0.427738];
ry = [ry 1.6548];
rx = [rx -0.413038];
ry = [ry 1.64128];
rx = [rx -0.40691];
ry = [ry 1.62375];
rx = [rx -0.35475];
ry = [ry 1.63021];
rx = [rx -0.487806];
ry = [ry 1.53755];
rx = [rx -0.408616];
ry = [ry 1.5591];
rx = [rx -0.46719];
ry = [ry 1.50233];
rx = [rx -0.337657];
ry = [ry 1.55814];
rx = [rx -0.318595];
ry = [ry 1.54902];
rx = [rx -0.329896];
ry = [ry 1.52018];
rx = [rx -0.275261];
ry = [ry 1.53579];
rx = [rx -0.328692];
ry = [ry 1.47626];
rx = [rx -0.308717];
ry = [ry 1.46791];
rx = [rx -0.362302];
ry = [ry 1.40334];
rx = [rx -0.335139];
ry = [ry 1.39964];
rx = [rx -0.316653];
ry = [ry 1.38961];
rx = [rx -0.312699];
ry = [ry 1.36747];
rx = [rx -0.331825];
ry = [ry 1.32428];
rx = [rx -0.231027];
ry = [ry 1.38944];
rx = [rx -0.311426];
ry = [ry 1.28759];
rx = [rx -0.256986];
ry = [ry 1.31253];
rx = [rx -0.325556];
ry = [ry 1.21455];
rx = [rx -0.245151];
ry = [ry 1.26826];
rx = [rx -0.222636];
ry = [ry 1.26339];
rx = [rx -0.234552];
ry = [ry 1.22004];
rx = [rx -0.22227];
ry = [ry 1.20297];
rx = [rx -0.194244];
ry = [ry 1.20481];
rx = [rx -0.18714];
ry = [ry 1.18131];
rx = [rx -0.184151];
ry = [ry 1.15161];
rx = [rx -0.15864];
ry = [ry 1.15121];
rx = [rx -0.0128072];
ry = [ry 1.32118];
rx = [rx -0.0622694];
ry = [ry 1.21943];
rx = [rx -0.0328706];
ry = [ry 1.2303];
rx = [rx 0.0122264];
ry = [ry 1.26758];
rx = [rx 0.017169];
ry = [ry 1.24273];
rx = [rx 0.0327151];
ry = [ry 1.2347];
rx = [rx 0.0238692];
ry = [ry 1.18339];
rx = [rx 0.0922693];
ry = [ry 1.2715];
rx = [rx 0.0532696];
ry = [ry 1.16053];
rx = [rx 0.169279];
ry = [ry 1.35304];
rx = [rx 0.0978975];
ry = [ry 1.16868];
rx = [rx 0.145604];
ry = [ry 1.23049];
rx = [rx 0.180232];
ry = [ry 1.26873];
rx = [rx 0.189078];
ry = [ry 1.24881];
rx = [rx 0.185091];
ry = [ry 1.19466];
rx = [rx 0.204776];
ry = [ry 1.19906];
rx = [rx 0.231235];
ry = [ry 1.22386];
rx = [rx 0.252303];
ry = [ry 1.23601];
rx = [rx 0.271039];
ry = [ry 1.24282];
rx = [rx 0.245375];
ry = [ry 1.10002];
rx = [rx 0.273925];
ry = [ry 1.1354];
rx = [rx 0.322492];
ry = [ry 1.25475];
rx = [rx 0.338077];
ry = [ry 1.25464];
rx = [rx 0.342052];
ry = [ry 1.20218];
rx = [rx 0.381135];
ry = [ry 1.31533];
rx = [rx 0.388922];
ry = [ry 1.28052];
rx = [rx 0.424014];
ry = [ry 1.40408];
rx = [rx 0.411058];
ry = [ry 1.23181];
rx = [rx 0.430764];
ry = [ry 1.26506];
rx = [rx 0.44681];
ry = [ry 1.27671];
rx = [rx 0.461908];
ry = [ry 1.28327];
rx = [rx 0.482809];
ry = [ry 1.36933];
rx = [rx 0.490793];
ry = [ry 1.28812];
rx = [rx 0.50547];
ry = [ry 1.30045];
rx = [rx 0.520196];
ry = [ry 1.33363];
rx = [rx 0.533889];
ry = [ry 1.38782];
rx = [rx 0.546684];
ry = [ry 1.35088];
rx = [rx 0.561873];
ry = [ry 1.27518];
rx = [rx 0.572084];
ry = [ry 1.36598];
rx = [rx 0.583535];
ry = [ry 1.38742];
rx = [rx 0.595418];
ry = [ry 1.39458];
rx = [rx 0.605901];
ry = [ry 1.41375];
rx = [rx 0.605844];
ry = [ry 1.51819];
rx = [rx 0.61877];
ry = [ry 1.49838];
rx = [rx 0.630264];
ry = [ry 1.49297];
rx = [rx 0.648895];
ry = [ry 1.44696];
rx = [rx 0.65117];
ry = [ry 1.49731];
rx = [rx 0.667911];
ry = [ry 1.46885];
rx = [rx 0.649649];
ry = [ry 1.60163];
rx = [rx 0.672239];
ry = [ry 1.5461];
rx = [rx 0.663404];
ry = [ry 1.61919];
rx = [rx 0.699833];
ry = [ry 1.52099];
rx = [rx 0.708522];
ry = [ry 1.52842];
rx = [rx 0.696584];
ry = [ry 1.60024];
rx = [rx 0.723175];
ry = [ry 1.54986];
rx = [rx 0.745231];
ry = [ry 1.51805];
rx = [rx 0.722362];
ry = [ry 1.6093];
rx = [rx 0.740477];
ry = [ry 1.58832];
rx = [rx 0.739988];
ry = [ry 1.61435];
rx = [rx 0.733298];
ry = [ry 1.65245];
rx = [rx 0.730055];
ry = [ry 1.67988];
rx = [rx 0.71726];
ry = [ry 1.7251];
rx = [rx 0.750805];
ry = [ry 1.67429];
rx = [rx 0.762146];
ry = [ry 1.67044];
rx = [rx 0.728601];
ry = [ry 1.74947];
rx = [rx 0.771281];
ry = [ry 1.68843];
rx = [rx 0.748803];
ry = [ry 1.74253];
rx = [rx 0.780278];
ry = [ry 1.70515];
rx = [rx 0.704377];
ry = [ry 1.83864];
rx = [rx 0.7681];
ry = [ry 1.75252];
rx = [rx 0.820591];
ry = [ry 1.68924];
rx = [rx 0.781478];
ry = [ry 1.75869];
rx = [rx 0.776377];
ry = [ry 1.77775];
rx = [rx 0.727251];
ry = [ry 1.85288];
rx = [rx 0.760374];
ry = [ry 1.82007];
rx = [rx 0.776893];
ry = [ry 1.80985];
rx = [rx 0.809372];
ry = [ry 1.78201];
rx = [rx 0.746787];
ry = [ry 1.86336];
rx = [rx 0.747586];
ry = [ry 1.87058];
rx = [rx 0.790184];
ry = [ry 1.83369];
rx = [rx 0.807512];
ry = [ry 1.8252];
rx = [rx 0.766852];
ry = [ry 1.87433];
rx = [rx 0.729967];
ry = [ry 1.91685];
rx = [rx 0.701905];
ry = [ry 1.94867];
rx = [rx 0.77818];
ry = [ry 1.88663];
rx = [rx 0.771394];
ry = [ry 1.89972];
rx = [rx 0.82747];
ry = [ry 1.8606];
rx = [rx 0.817407];
ry = [ry 1.87689];
rx = [rx 0.709184];
ry = [ry 1.96736];
rx = [rx 0.792446];
ry = [ry 1.91069];
rx = [rx 0.782921];
ry = [ry 1.9242];
rx = [rx 0.666819];
ry = [ry 2.00996];
rx = [rx 0.818083];
ry = [ry 1.91357];
rx = [rx 0.77027];
ry = [ry 1.9508];
rx = [rx 0.718575];
ry = [ry 1.98793];
rx = [rx 0.737336];
ry = [ry 1.9812];
rx = [rx 0.79881];
ry = [ry 1.95121];
rx = [rx 0.810825];
ry = [ry 1.95065];
rx = [rx 0.801741];
ry = [ry 1.96143];
rx = [rx 0.772294];
ry = [ry 1.98181];
rx = [rx 0.815597];
ry = [ry 1.96631];
rx = [rx 0.779473];
ry = [ry 1.98855];
rx = [rx 0.761644];
ry = [ry 2.00129];
rx = [rx 0.705555];
ry = [ry 2.02897];
rx = [rx 0.725423];
ry = [ry 2.02457];
rx = [rx 0.689322];
ry = [ry 2.04172];
rx = [rx 0.724239];
ry = [ry 2.03242];
rx = [rx 0.686453];
ry = [ry 2.04859];
rx = [rx 0.771809];
ry = [ry 2.02473];
rx = [rx 0.619085];
ry = [ry 2.07405];
rx = [rx 0.763984];
ry = [ry 2.03573];
rx = [rx 0.633979];
ry = [ry 2.07326];
rx = [rx 0.769397];
ry = [ry 2.04283];
rx = [rx 0.791827];
ry = [ry 2.04215];
rx = [rx 0.726191];
ry = [ry 2.05997];
rx = [rx 0.762279];
ry = [ry 2.05676];
rx = [rx 0.626848];
ry = [ry 2.08314];
rx = [rx 0.796297];
ry = [ry 2.05978];
rx = [rx 0.671639];
ry = [ry 2.08049];
rx = [rx 0.742433];
ry = [ry 2.07494];
rx = [rx 0.616457];
ry = [ry 2.09039];
rx = [rx 0.689666];
ry = [ry 2.08616];
rx = [rx 0.726699];
ry = [ry 2.08663];
rx = [rx 0.740058];
ry = [ry 2.08937];
rx = [rx 0.677404];
ry = [ry 2.09439];
rx = [rx 0.743947];
ry = [ry 2.09638];
rx = [rx 0.669769];
ry = [ry 2.09916];
rx = [rx 0.758178];
ry = [ry 2.10396];
rx = [rx 0.769981];
ry = [ry 2.10834];
rx = [rx 0.784209];
ry = [ry 2.11329];
rx = [rx 0.717777];
ry = [ry 2.11223];
rx = [rx 0.712539];
ry = [ry 2.11486];
rx = [rx 0.693616];
ry = [ry 2.11574];
rx = [rx 0.719957];
ry = [ry 2.12201];
rx = [rx 0.757871];
ry = [ry 2.131];
rx = [rx 0.676687];
ry = [ry 2.12116];
rx = [rx 0.635648];
ry = [ry 2.11594];
rx = [rx 0.765514];
ry = [ry 2.14442];
rx = [rx 0.715521];
ry = [ry 2.13737];
rx = [rx 0.691822];
ry = [ry 2.13488];
rx = [rx 0.691089];
ry = [ry 2.13754];
rx = [rx 0.729017];
ry = [ry 2.151];
rx = [rx 0.682178];
ry = [ry 2.14062];
rx = [rx 0.643545];
ry = [ry 2.13109];
rx = [rx 0.710673];
ry = [ry 2.15574];
rx = [rx 0.693055];
ry = [ry 2.15283];
rx = [rx 0.679032];
ry = [ry 2.15061];
rx = [rx 0.714017];
ry = [ry 2.1673];
rx = [rx 0.684561];
ry = [ry 2.15859];
rx = [rx 0.601489];
ry = [ry 2.12527];
rx = [rx 0.715435];
ry = [ry 2.17882];
rx = [rx 0.61188];
ry = [ry 2.13291];
rx = [rx 0.658537];
ry = [ry 2.15789];
rx = [rx 0.715027];
ry = [ry 2.1901];
rx = [rx 0.700879];
ry = [ry 2.18634];
rx = [rx 0.69684];
ry = [ry 2.18775];
rx = [rx 0.677875];
ry = [ry 2.18022];
rx = [rx 0.66688];
ry = [ry 2.17677];
rx = [rx 0.614027];
ry = [ry 2.14606];
rx = [rx 0.606171];
ry = [ry 2.14271];
rx = [rx 0.63053];
ry = [ry 2.16125];
rx = [rx 0.558627];
ry = [ry 2.11213];
rx = [rx 0.666767];
ry = [ry 2.19305];
rx = [rx 0.588537];
ry = [ry 2.13627];
rx = [rx 0.631062];
ry = [ry 2.17166];
rx = [rx 0.662894];
ry = [ry 2.2007];
rx = [rx 0.604332];
ry = [ry 2.15418];
rx = [rx 0.629701];
ry = [ry 2.17875];
rx = [rx 0.63855];
ry = [ry 2.18979];
rx = [rx 0.67755];
ry = [ry 2.23023];
rx = [rx 0.661997];
ry = [ry 2.21959];
rx = [rx 0.660512];
ry = [ry 2.22241];
rx = [rx 0.620924];
ry = [ry 2.18494];
rx = [rx 0.634337];
ry = [ry 2.20275];
rx = [rx 0.631686];
