rx = [];
ry = [];
rx = [rx -0.189825];
ry = [ry 1.60527];
rx = [rx -0.169851];
ry = [ry 1.60522];
rx = [rx -0.153496];
ry = [ry 1.59642];
rx = [rx -0.119375];
ry = [ry 1.63639];
rx = [rx -0.154999];
ry = [ry 1.47821];
rx = [rx -0.111121];
ry = [ry 1.54757];
rx = [rx -0.116017];
ry = [ry 1.46614];
rx = [rx -0.0581176];
ry = [ry 1.59476];
rx = [rx -0.0378972];
ry = [ry 1.60089];
rx = [rx -0.0267647];
ry = [ry 1.57198];
rx = [rx 0.00301265];
ry = [ry 1.62037];
rx = [rx 0.00376615];
ry = [ry 1.54039];
rx = [rx 0.024142];
ry = [ry 1.54771];
rx = [rx 0.0281869];
ry = [ry 1.4639];
rx = [rx 0.0507291];
ry = [ry 1.4795];
rx = [rx 0.0711405];
ry = [ry 1.48458];
rx = [rx 0.0890012];
ry = [ry 1.47091];
rx = [rx 0.104036];
ry = [ry 1.42614];
rx = [rx 0.13443];
ry = [ry 1.54225];
rx = [rx 0.143855];
ry = [ry 1.41284];
rx = [rx 0.167188];
ry = [ry 1.46798];
rx = [rx 0.182729];
ry = [ry 1.34941];
rx = [rx 0.205805];
ry = [ry 1.4433];
rx = [rx 0.225705];
ry = [ry 1.45491];
rx = [rx 0.246172];
ry = [ry 1.41488];
rx = [rx 0.266754];
ry = [ry 1.41058];
rx = [rx 0.286191];
ry = [ry 1.43085];
rx = [rx 0.307295];
ry = [ry 1.41831];
rx = [rx 0.329544];
ry = [ry 1.39842];
rx = [rx 0.348637];
ry = [ry 1.41534];
rx = [rx 0.341515];
ry = [ry 1.63918];
rx = [rx 0.373697];
ry = [ry 1.53072];
rx = [rx 0.388052];
ry = [ry 1.55859];
rx = [rx 0.396165];
ry = [ry 1.61653];
rx = [rx 0.416581];
ry = [ry 1.60154];
rx = [rx 0.433477];
ry = [ry 1.6061];
rx = [rx 0.461582];
ry = [ry 1.56227];
rx = [rx 0.452579];
ry = [ry 1.67345];
rx = [rx 0.498702];
ry = [ry 1.56525];
rx = [rx 0.454362];
ry = [ry 1.78559];
rx = [rx 0.526132];
ry = [ry 1.60138];
rx = [rx 0.519609];
ry = [ry 1.67919];
rx = [rx 0.519349];
ry = [ry 1.73078];
rx = [rx 0.53932];
ry = [ry 1.72205];
rx = [rx 0.572928];
ry = [ry 1.67941];
rx = [rx 0.584487];
ry = [ry 1.69594];
rx = [rx 0.587264];
ry = [ry 1.7321];
rx = [rx 0.594613];
ry = [ry 1.75528];
rx = [rx 0.603838];
ry = [ry 1.77295];
rx = [rx 0.68129];
ry = [ry 1.65027];
rx = [rx 0.678475];
ry = [ry 1.69564];
rx = [rx 0.633751];
ry = [ry 1.81648];
rx = [rx 0.645322];
ry = [ry 1.82693];
rx = [rx 0.683663];
ry = [ry 1.7909];
rx = [rx 0.636129];
ry = [ry 1.90077];
rx = [rx 0.66537];
ry = [ry 1.88034];
rx = [rx 0.607864];
ry = [ry 1.99519];
rx = [rx 0.714581];
ry = [ry 1.85934];
rx = [rx 0.706674];
ry = [ry 1.89718];
rx = [rx 0.710651];
ry = [ry 1.9166];
rx = [rx 0.717363];
ry = [ry 1.93164];
rx = [rx 0.674695];
ry = [ry 2.00924];
rx = [rx 0.735404];
ry = [ry 1.95471];
rx = [rx 0.73791];
ry = [ry 1.97371];
rx = [rx 0.72638];
ry = [ry 2.00813];
rx = [rx 0.699907];
ry = [ry 2.05736];
rx = [rx 0.734282];
ry = [ry 2.03874];
rx = [rx 0.796586];
ry = [ry 1.99314];
rx = [rx 0.742832];
ry = [ry 2.06702];
rx = [rx 0.736806];
ry = [ry 2.09058];
rx = [rx 0.740744];
ry = [ry 2.10388];
rx = [rx 0.735538];
ry = [ry 2.1251];
rx = [rx 0.665];
ry = [ry 2.20212];
rx = [rx 0.68791];
ry = [ry 2.19623];
rx = [rx 0.700037];
ry = [ry 2.2];
rx = [rx 0.744843];
ry = [ry 2.17862];
rx = [rx 0.712539];
ry = [ry 2.21731];
rx = [rx 0.744101];
ry = [ry 2.20761];
rx = [rx 0.640997];
ry = [ry 2.29326];
rx = [rx 0.695147];
ry = [ry 2.26753];
rx = [rx 0.639296];
ry = [ry 2.31549];
rx = [rx 0.73246];
ry = [ry 2.26762];
rx = [rx 0.733856];
ry = [ry 2.27897];
rx = [rx 0.676571];
ry = [ry 2.3239];
rx = [rx 0.730193];
ry = [ry 2.30469];
rx = [rx 0.767938];
ry = [ry 2.2961];
rx = [rx 0.689472];
ry = [ry 2.34799];
rx = [rx 0.716999];
ry = [ry 2.34474];
rx = [rx 0.699067];
ry = [ry 2.36362];
rx = [rx 0.668417];
ry = [ry 2.38721];
rx = [rx 0.647509];
ry = [ry 2.40526];
rx = [rx 0.607543];
ry = [ry 2.42999];
rx = [rx 0.666596];
ry = [ry 2.41514];
rx = [rx 0.677556];
ry = [ry 2.41996];
rx = [rx 0.599465];
ry = [ry 2.45563];
rx = [rx 0.672159];
ry = [ry 2.43939];
rx = [rx 0.619057];
ry = [ry 2.46414];
rx = [rx 0.667506];
ry = [ry 2.45781];
rx = [rx 0.521402];
ry = [ry 2.50507];
rx = [rx 0.626549];
ry = [ry 2.48454];
rx = [rx 0.707994];
ry = [ry 2.47328];
rx = [rx 0.632255];
ry = [ry 2.49812];
rx = [rx 0.615624];
ry = [ry 2.50874];
rx = [rx 0.528666];
ry = [ry 2.53102];
rx = [rx 0.575253];
ry = [ry 2.52916];
rx = [rx 0.594342];
ry = [ry 2.53277];
rx = [rx 0.637098];
ry = [ry 2.53415];
rx = [rx 0.536008];
ry = [ry 2.55193];
rx = [rx 0.531729];
ry = [ry 2.5578];
rx = [rx 0.588055];
ry = [ry 2.55933];
rx = [rx 0.606573];
ry = [ry 2.56476];
rx = [rx 0.543411];
ry = [ry 2.57357];
rx = [rx 0.487497];
ry = [ry 2.58004];
rx = [rx 0.445311];
ry = [ry 2.58458];
rx = [rx 0.543466];
ry = [ry 2.59029];
rx = [rx 0.529627];
ry = [ry 2.59537];
rx = [rx 0.597405];
ry = [ry 2.60435];
rx = [rx 0.578985];
ry = [ry 2.60958];
rx = [rx 0.438064];
ry = [ry 2.60329];
rx = [rx 0.537751];
ry = [ry 2.61767];
rx = [rx 0.521602];
ry = [ry 2.62122];
rx = [rx 0.378053];
ry = [ry 2.60612];
rx = [rx 0.554725];
ry = [ry 2.6371];
rx = [rx 0.494317];
ry = [ry 2.6323];
rx = [rx 0.431111];
ry = [ry 2.6248];
rx = [rx 0.449496];
ry = [ry 2.6325];
rx = [rx 0.515094];
ry = [ry 2.65187];
rx = [rx 0.524341];
ry = [ry 2.65956];
rx = [rx 0.510358];
ry = [ry 2.66139];
rx = [rx 0.474878];
ry = [ry 2.65655];
rx = [rx 0.51729];
ry = [ry 2.67434];
rx = [rx 0.475623];
ry = [ry 2.66637];
rx = [rx 0.453873];
ry = [ry 2.66373];
rx = [rx 0.393807];
ry = [ry 2.64629];
rx = [rx 0.411429];
ry = [ry 2.65646];
rx = [rx 0.373222];
ry = [ry 2.64474];
rx = [rx 0.405264];
ry = [ry 2.66145];
rx = [rx 0.366469];
ry = [ry 2.64788];
rx = [rx 0.44555];
ry = [ry 2.68789];
rx = [rx 0.299575];
ry = [ry 2.62119];
rx = [rx 0.432352];
ry = [ry 2.69072];
rx = [rx 0.311098];
ry = [ry 2.63066];
rx = [rx 0.431553];
ry = [ry 2.69961];
rx = [rx 0.448562];
ry = [ry 2.71425];
rx = [rx 0.388105];
ry = [ry 2.6831];
rx = [rx 0.416899];
ry = [ry 2.70509];
rx = [rx 0.299166];
ry = [ry 2.63314];
rx = [rx 0.439962];
ry = [ry 2.73027];
rx = [rx 0.334001];
ry = [ry 2.66142];
rx = [rx 0.389983];
ry = [ry 2.70511];
rx = [rx 0.286606];
ry = [ry 2.63147];
rx = [rx 0.343478];
ry = [ry 2.67777];
rx = [rx 0.370487];
ry = [ry 2.70311];
rx = [rx 0.378495];
ry = [ry 2.71415];
rx = [rx 0.328875];
ry = [ry 2.67556];
rx = [rx 0.376629];
ry = [ry 2.72195];
rx = [rx 0.320026];
ry = [ry 2.67393];
rx = [rx 0.382016];
ry = [ry 2.73714];
rx = [rx 0.387768];
ry = [ry 2.74834];
rx = [rx 0.394922];
ry = [ry 2.7616];
rx = [rx 0.346625];
ry = [ry 2.71597];
rx = [rx 0.34098];
ry = [ry 2.71438];
rx = [rx 0.326428];
ry = [ry 2.70226];
rx = [rx 0.341627];
ry = [ry 2.72467];
rx = [rx 0.363538];
ry = [ry 2.75689];
rx = [rx 0.310281];
ry = [ry 2.69483];
rx = [rx 0.283518];
ry = [ry 2.66328];
rx = [rx 0.360115];
ry = [ry 2.77195];
rx = [rx 0.327989];
ry = [ry 2.733];
rx = [rx 0.312182];
ry = [ry 2.71517];
rx = [rx 0.30985];
ry = [ry 2.71663];
rx = [rx 0.328746];
ry = [ry 2.75217];
rx = [rx 0.301195];
ry = [ry 2.71289];
rx = [rx 0.279122];
ry = [ry 2.67979];
rx = [rx 0.312011];
ry = [ry 2.74329];
rx = [rx 0.30098];
ry = [ry 2.72924];
rx = [rx 0.292131];
ry = [ry 2.71814];
rx = [rx 0.30668];
ry = [ry 2.75407];
rx = [rx 0.290823];
ry = [ry 2.72776];
rx = [rx 0.252023];
ry = [ry 2.6471];
rx = [rx 0.299951];
ry = [ry 2.76352];
rx = [rx 0.25453];
ry = [ry 2.65976];
rx = [rx 0.272095];
ry = [ry 2.70968];
rx = [rx 0.292035];
ry = [ry 2.77157];
rx = [rx 0.284134];
ry = [ry 2.75925];
rx = [rx 0.280198];
ry = [ry 2.75757];
rx = [rx 0.27129];
ry = [ry 2.73921];
rx = [rx 0.265508];
ry = [ry 2.72924];
rx = [rx 0.24724];
ry = [ry 2.67091];
rx = [rx 0.243702];
ry = [ry 2.66314];
rx = [rx 0.249158];
ry = [ry 2.69326];
rx = [rx 0.229265];
ry = [ry 2.60848];
rx = [rx 0.254431];
ry = [ry 2.74118];
rx = [rx 0.235036];
ry = [ry 2.64648];
rx = [rx 0.242525];
ry = [ry 2.7013];
rx = [rx 0.246409];
ry = [ry 2.74421];
rx = [rx 0.234605];
ry = [ry 2.67035];
rx = [rx 0.236739];
ry = [ry 2.70561];
rx = [rx 0.235818];
ry = [ry 2.71972];
rx = [rx 0.237291];
ry = [ry 2.77589];
rx = [rx 0.232998];
ry = [ry 2.75754];
rx = [rx 0.230004];
ry = [ry 2.75862];
rx = [rx 0.226085];
ry = [ry 2.70425];
rx = [rx 0.223961];
ry = [ry 2.72644];
rx = [rx 0.221503];
ry = [ry 2.7252];
