rx = [];
ry = [];
rx = [rx -0.7033];
ry = [ry 2.16929];
rx = [rx -0.696761];
ry = [ry 2.15042];
rx = [rx -0.699671];
ry = [ry 2.13208];
rx = [rx -0.650671];
ry = [ry 2.11306];
rx = [rx -0.81175];
ry = [ry 2.09449];
rx = [rx -0.731798];
ry = [ry 2.07596];
rx = [rx -0.810278];
ry = [ry 2.05371];
rx = [rx -0.669761];
ry = [ry 2.04149];
rx = [rx -0.657296];
ry = [ry 2.02443];
rx = [rx -0.680914];
ry = [ry 2.00438];
rx = [rx -0.625404];
ry = [ry 1.99224];
rx = [rx -0.700658];
ry = [ry 1.96514];
rx = [rx -0.687024];
ry = [ry 1.94832];
rx = [rx -0.764802];
ry = [ry 1.91684];
rx = [rx -0.742637];
ry = [ry 1.90071];
rx = [rx -0.731109];
ry = [ry 1.88312];
rx = [rx -0.738115];
ry = [ry 1.86175];
rx = [rx -0.775417];
ry = [ry 1.83278];
rx = [rx -0.65578];
ry = [ry 1.84241];
rx = [rx -0.774836];
ry = [ry 1.7908];
rx = [rx -0.715077];
ry = [ry 1.78698];
rx = [rx -0.821881];
ry = [ry 1.73317];
rx = [rx -0.72563];
ry = [ry 1.74238];
rx = [rx -0.708108];
ry = [ry 1.72742];
rx = [rx -0.739139];
ry = [ry 1.69489];
rx = [rx -0.736408];
ry = [ry 1.67404];
rx = [rx -0.710855];
ry = [ry 1.66239];
rx = [rx -0.715733];
ry = [ry 1.63832];
rx = [rx -0.727168];
ry = [ry 1.61076];
rx = [rx -0.704891];
ry = [ry 1.59832];
rx = [rx -0.495942];
ry = [ry 1.67891];
rx = [rx -0.587704];
ry = [ry 1.61274];
rx = [rx -0.556664];
ry = [ry 1.60838];
rx = [rx -0.499289];
ry = [ry 1.61985];
rx = [rx -0.506706];
ry = [ry 1.59563];
rx = [rx -0.496823];
ry = [ry 1.58118];
rx = [rx -0.528921];
ry = [ry 1.54019];
rx = [rx -0.426942];
ry = [ry 1.58538];
rx = [rx -0.513857];
ry = [ry 1.50613];
rx = [rx -0.320494];
ry = [ry 1.6207];
rx = [rx -0.470695];
ry = [ry 1.49216];
rx = [rx -0.399399];
ry = [ry 1.524];
rx = [rx -0.350788];
ry = [ry 1.54127];
rx = [rx -0.352435];
ry = [ry 1.51954];
rx = [rx -0.381599];
ry = [ry 1.47374];
rx = [rx -0.362181];
ry = [ry 1.46828];
rx = [rx -0.327127];
ry = [ry 1.4776];
rx = [rx -0.302821];
ry = [ry 1.47831];
rx = [rx -0.283093];
ry = [ry 1.47543];
rx = [rx -0.373346];
ry = [ry 1.36183];
rx = [rx -0.331442];
ry = [ry 1.37946];
rx = [rx -0.23213];
ry = [ry 1.46156];
rx = [rx -0.218454];
ry = [ry 1.45408];
rx = [rx -0.239805];
ry = [ry 1.406];
rx = [rx -0.151785];
ry = [ry 1.48713];
rx = [rx -0.161418];
ry = [ry 1.45278];
rx = [rx -0.0719777];
ry = [ry 1.54497];
rx = [rx -0.165];
ry = [ry 1.3994];
rx = [rx -0.13189];
ry = [ry 1.41935];
rx = [rx -0.112242];
ry = [ry 1.42201];
rx = [rx -0.0958373];
ry = [ry 1.42063];
rx = [rx -0.0366587];
ry = [ry 1.48652];
rx = [rx -0.0681041];
ry = [ry 1.41122];
rx = [rx -0.0493362];
ry = [ry 1.41512];
rx = [rx -0.0206488];
ry = [ry 1.43737];
rx = [rx 0.0170822];
ry = [ry 1.4786];
rx = [rx 0.0108486];
ry = [ry 1.44001];
rx = [rx -0.0116387];
ry = [ry 1.36614];
rx = [rx 0.0403713];
ry = [ry 1.44127];
rx = [rx 0.0606152];
ry = [ry 1.45473];
rx = [rx 0.07447];
ry = [ry 1.4554];
rx = [rx 0.0927841];
ry = [ry 1.46732];
rx = [rx 0.142213];
ry = [ry 1.55932];
rx = [rx 0.144211];
ry = [ry 1.53575];
rx = [rx 0.151773];
ry = [ry 1.52555];
rx = [rx 0.146382];
ry = [ry 1.4762];
rx = [rx 0.172237];
ry = [ry 1.51946];
rx = [rx 0.173496];
ry = [ry 1.48647];
rx = [rx 0.220322];
ry = [ry 1.61206];
rx = [rx 0.213909];
ry = [ry 1.55245];
rx = [rx 0.240752];
ry = [ry 1.621];
rx = [rx 0.226311];
ry = [ry 1.51726];
rx = [rx 0.237483];
ry = [ry 1.51969];
rx = [rx 0.260993];
ry = [ry 1.58859];
rx = [rx 0.260547];
ry = [ry 1.53163];
rx = [rx 0.2649];
ry = [ry 1.49317];
rx = [rx 0.28799];
ry = [ry 1.58436];
rx = [rx 0.294004];
ry = [ry 1.55731];
rx = [rx 0.305906];
ry = [ry 1.58046];
rx = [rx 0.318063];
ry = [ry 1.61718];
rx = [rx 0.328202];
ry = [ry 1.64288];
rx = [rx 0.338358];
ry = [ry 1.68876];
rx = [rx 0.343825];
ry = [ry 1.62812];
rx = [rx 0.351992];
ry = [ry 1.61936];
rx = [rx 0.35989];
ry = [ry 1.70485];
rx = [rx 0.368557];
ry = [ry 1.63087];
rx = [rx 0.374391];
ry = [ry 1.68916];
rx = [rx 0.384405];
ry = [ry 1.64134];
rx = [rx 0.380802];
ry = [ry 1.79486];
rx = [rx 0.39612];
ry = [ry 1.68882];
rx = [rx 0.412366];
ry = [ry 1.60822];
rx = [rx 0.410825];
ry = [ry 1.68792];
rx = [rx 0.415364];
ry = [ry 1.70712];
rx = [rx 0.407693];
ry = [ry 1.79656];
rx = [rx 0.421319];
ry = [ry 1.75197];
rx = [rx 0.431022];
ry = [ry 1.73514];
rx = [rx 0.446436];
ry = [ry 1.69524];
rx = [rx 0.429862];
ry = [ry 1.79653];
rx = [rx 0.433982];
ry = [ry 1.80251];
rx = [rx 0.454023];
ry = [ry 1.74984];
rx = [rx 0.465259];
ry = [ry 1.73416];
rx = [rx 0.452727];
ry = [ry 1.79668];
rx = [rx 0.440387];
ry = [ry 1.8516];
rx = [rx 0.43075];
ry = [ry 1.89292];
rx = [rx 0.468531];
ry = [ry 1.80215];
rx = [rx 0.468754];
ry = [ry 1.81689];
rx = [rx 0.499606];
ry = [ry 1.75588];
rx = [rx 0.498461];
ry = [ry 1.77499];
rx = [rx 0.446017];
ry = [ry 1.90594];
rx = [rx 0.492494];
ry = [ry 1.81658];
rx = [rx 0.490507];
ry = [ry 1.833];
rx = [rx 0.428888];
ry = [ry 1.96352];
rx = [rx 0.516434];
ry = [ry 1.80697];
rx = [rx 0.491965];
ry = [ry 1.86241];
rx = [rx 0.46403];
ry = [ry 1.9196];
rx = [rx 0.477364];
ry = [ry 1.90479];
rx = [rx 0.517295];
ry = [ry 1.84925];
rx = [rx 0.527609];
ry = [ry 1.84306];
rx = [rx 0.524719];
ry = [ry 1.85687];
rx = [rx 0.508438];
ry = [ry 1.88876];
rx = [rx 0.539232];
ry = [ry 1.8546];
rx = [rx 0.517956];
ry = [ry 1.8913];
rx = [rx 0.508289];
ry = [ry 1.91096];
rx = [rx 0.472004];
ry = [ry 1.96191];
rx = [rx 0.487421];
ry = [ry 1.94863];
rx = [rx 0.463751];
ry = [ry 1.98083];
rx = [rx 0.490094];
ry = [ry 1.95609];
rx = [rx 0.464478];
ry = [ry 1.98824];
rx = [rx 0.528346];
ry = [ry 1.92679];
rx = [rx 0.417214];
ry = [ry 2.04258];
rx = [rx 0.526665];
ry = [ry 1.94018];
rx = [rx 0.429955];
ry = [ry 2.03482];
rx = [rx 0.534796];
ry = [ry 1.94387];
rx = [rx 0.554227];
ry = [ry 1.93265];
rx = [rx 0.504866];
ry = [ry 1.97944];
rx = [rx 0.535127];
ry = [ry 1.95951];
rx = [rx 0.428356];
ry = [ry 2.0469];
rx = [rx 0.566514];
ry = [ry 1.94605];
rx = [rx 0.466548];
ry = [ry 2.02335];
rx = [rx 0.526264];
ry = [ry 1.98493];
rx = [rx 0.42264];
ry = [ry 2.05821];
rx = [rx 0.485108];
ry = [ry 2.0198];
rx = [rx 0.517943];
ry = [ry 2.00267];
rx = [rx 0.531005];
ry = [ry 1.99875];
rx = [rx 0.478209];
ry = [ry 2.03286];
rx = [rx 0.537752];
ry = [ry 2.00309];
rx = [rx 0.473742];
ry = [ry 2.04067];
rx = [rx 0.553874];
ry = [ry 2.00302];
rx = [rx 0.566345];
ry = [ry 2.00128];
rx = [rx 0.581221];
ry = [ry 1.99891];
rx = [rx 0.522212];
ry = [ry 2.02944];
rx = [rx 0.518849];
ry = [ry 2.03425];
rx = [rx 0.502599];
ry = [ry 2.04398];
rx = [rx 0.52877];
ry = [ry 2.03703];
rx = [rx 0.566414];
ry = [ry 2.02698];
rx = [rx 0.490257];
ry = [ry 2.05677];
rx = [rx 0.451646];
ry = [ry 2.07162];
rx = [rx 0.579506];
ry = [ry 2.03518];
rx = [rx 0.532138];
ry = [ry 2.05265];
rx = [rx 0.510088];
ry = [ry 2.06169];
rx = [rx 0.5107];
ry = [ry 2.06437];
rx = [rx 0.550482];
ry = [ry 2.05826];
rx = [rx 0.504313];
ry = [ry 2.07131];
rx = [rx 0.465776];
ry = [ry 2.08122];
rx = [rx 0.536573];
ry = [ry 2.07113];
rx = [rx 0.519675];
ry = [ry 2.07691];
rx = [rx 0.506275];
ry = [ry 2.0816];
rx = [rx 0.544991];
ry = [ry 2.07972];
rx = [rx 0.514926];
ry = [ry 2.08601];
rx = [rx 0.42598];
ry = [ry 2.09601];
rx = [rx 0.551697];
ry = [ry 2.08919];
rx = [rx 0.438752];
ry = [ry 2.09782];
rx = [rx 0.491675];
ry = [ry 2.09772];
rx = [rx 0.556683];
ry = [ry 2.09932];
rx = [rx 0.54244];
ry = [ry 2.10271];
rx = [rx 0.539555];
ry = [ry 2.10587];
rx = [rx 0.519284];
ry = [ry 2.10822];
rx = [rx 0.507967];
ry = [ry 2.11039];
rx = [rx 0.446871];
ry = [ry 2.10839];
rx = [rx 0.438368];
ry = [ry 2.10916];
rx = [rx 0.468605];
ry = [ry 2.11395];
rx = [rx 0.382009];
ry = [ry 2.10475];
rx = [rx 0.515583];
ry = [ry 2.12479];
rx = [rx 0.419789];
ry = [ry 2.11185];
rx = [rx 0.474004];
ry = [ry 2.12287];
rx = [rx 0.515796];
ry = [ry 2.13336];
rx = [rx 0.442181];
ry = [ry 2.12013];
rx = [rx 0.476162];
ry = [ry 2.12975];
rx = [rx 0.489184];
ry = [ry 2.13528];
rx = [rx 0.542692];
ry = [ry 2.15242];
rx = [rx 0.523955];
ry = [ry 2.15042];
rx = [rx 0.523979];
ry = [ry 2.1536];
rx = [rx 0.471365];
ry = [ry 2.13936];
rx = [rx 0.491614];
