rx = [];
ry = [];
rx = [rx -0.530492];
ry = [ry 1.81356];
rx = [rx -0.519852];
ry = [ry 1.79665];
rx = [rx -0.518537];
ry = [ry 1.77813];
rx = [rx -0.466506];
ry = [ry 1.77069];
rx = [rx -0.619206];
ry = [ry 1.71615];
rx = [rx -0.537134];
ry = [ry 1.71619];
rx = [rx -0.608546];
ry = [ry 1.67676];
rx = [rx -0.46891];
ry = [ry 1.69666];
rx = [rx -0.452907];
ry = [ry 1.68286];
rx = [rx -0.471377];
ry = [ry 1.65799];
rx = [rx -0.414561];
ry = [ry 1.65872];
rx = [rx -0.481732];
ry = [ry 1.61529];
rx = [rx -0.464646];
ry = [ry 1.60199];
rx = [rx -0.533287];
ry = [ry 1.55374];
rx = [rx -0.508046];
ry = [ry 1.54304];
rx = [rx -0.492838];
ry = [ry 1.52851];
rx = [rx -0.494828];
ry = [ry 1.50611];
rx = [rx -0.524609];
ry = [ry 1.46945];
rx = [rx -0.410252];
ry = [ry 1.5059];
rx = [rx -0.514546];
ry = [ry 1.42869];
rx = [rx -0.455471];
ry = [ry 1.43849];
rx = [rx -0.547334];
ry = [ry 1.36192];
rx = [rx -0.455661];
ry = [ry 1.39266];
rx = [rx -0.43521];
ry = [ry 1.38205];
rx = [rx -0.458077];
ry = [ry 1.34335];
rx = [rx -0.4507];
ry = [ry 1.32366];
rx = [rx -0.423172];
ry = [ry 1.31808];
rx = [rx -0.42248];
ry = [ry 1.29354];
rx = [rx -0.427382];
ry = [ry 1.2641];
rx = [rx -0.402869];
ry = [ry 1.25703];
rx = [rx -0.217569];
ry = [ry 1.3828];
rx = [rx -0.291982];
ry = [ry 1.29758];
rx = [rx -0.260762];
ry = [ry 1.30036];
rx = [rx -0.207468];
ry = [ry 1.32451];
rx = [rx -0.209213];
ry = [ry 1.29924];
rx = [rx -0.196319];
ry = [ry 1.28741];
rx = [rx -0.21831];
ry = [ry 1.24021];
rx = [rx -0.129198];
ry = [ry 1.3073];
rx = [rx -0.195932];
ry = [ry 1.21045];
rx = [rx -0.0335021];
ry = [ry 1.36579];
rx = [rx -0.15073];
ry = [ry 1.20661];
rx = [rx -0.0884836];
ry = [ry 1.25374];
rx = [rx -0.0450395];
ry = [ry 1.28156];
rx = [rx -0.0417273];
ry = [ry 1.26002];
rx = [rx -0.0597743];
ry = [ry 1.20881];
rx = [rx -0.0396258];
ry = [ry 1.20789];
rx = [rx -0.00758729];
ry = [ry 1.22489];
rx = [rx 0.0159272];
ry = [ry 1.23109];
rx = [rx 0.0357947];
ry = [ry 1.23275];
rx = [rx -0.0264185];
ry = [ry 1.10167];
rx = [rx 0.0104099];
ry = [ry 1.12833];
rx = [rx 0.0885743];
ry = [ry 1.23076];
rx = [rx 0.103588];
ry = [ry 1.22658];
rx = [rx 0.0936668];
ry = [ry 1.17491];
rx = [rx 0.161052];
ry = [ry 1.27385];
rx = [rx 0.159438];
ry = [ry 1.23821];
rx = [rx 0.225704];
ry = [ry 1.34825];
rx = [rx 0.168026];
ry = [ry 1.1854];
rx = [rx 0.195764];
ry = [ry 1.21233];
rx = [rx 0.214302];
ry = [ry 1.21936];
rx = [rx 0.230592];
ry = [ry 1.22173];
rx = [rx 0.273331];
ry = [ry 1.2993];
rx = [rx 0.259737];
ry = [ry 1.21883];
rx = [rx 0.277135];
ry = [ry 1.22689];
rx = [rx 0.300046];
ry = [ry 1.25504];
rx = [rx 0.32747];
ry = [ry 1.30374];
rx = [rx 0.330129];
ry = [ry 1.26474];
rx = [rx 0.324935];
ry = [ry 1.1877];
rx = [rx 0.358601];
ry = [ry 1.27265];
rx = [rx 0.375275];
ry = [ry 1.29034];
rx = [rx 0.388618];
ry = [ry 1.29413];
rx = [rx 0.403761];
ry = [ry 1.30988];
rx = [rx 0.431095];
ry = [ry 1.41068];
rx = [rx 0.438373];
ry = [ry 1.38818];
rx = [rx 0.448047];
ry = [ry 1.37995];
rx = [rx 0.453961];
ry = [ry 1.33066];
rx = [rx 0.469358];
ry = [ry 1.37864];
rx = [rx 0.478049];
ry = [ry 1.34679];
rx = [rx 0.495248];
ry = [ry 1.47972];
rx = [rx 0.502486];
ry = [ry 1.42021];
rx = [rx 0.513126];
ry = [ry 1.49306];
rx = [rx 0.522528];
ry = [ry 1.38874];
rx = [rx 0.532861];
ry = [ry 1.39363];
rx = [rx 0.540174];
ry = [ry 1.46606];
rx = [rx 0.552626];
ry = [ry 1.41048];
rx = [rx 0.565568];
ry = [ry 1.374];
rx = [rx 0.567427];
ry = [ry 1.46805];
rx = [rx 0.579407];
ry = [ry 1.44306];
rx = [rx 0.585761];
ry = [ry 1.4683];
rx = [rx 0.589297];
ry = [ry 1.50682];
rx = [rx 0.59336];
ry = [ry 1.53414];
rx = [rx 0.592872];
ry = [ry 1.58114];
rx = [rx 0.611916];
ry = [ry 1.5233];
rx = [rx 0.621853];
ry = [ry 1.51662];
rx = [rx 0.610206];
ry = [ry 1.60168];
rx = [rx 0.635384];
ry = [ry 1.53158];
rx = [rx 0.62788];
ry = [ry 1.58968];
rx = [rx 0.648453];
ry = [ry 1.54536];
rx = [rx 0.610213];
ry = [ry 1.69408];
rx = [rx 0.649122];
ry = [ry 1.59427];
rx = [rx 0.683181];
ry = [ry 1.51943];
rx = [rx 0.66365];
ry = [ry 1.59671];
rx = [rx 0.663727];
ry = [ry 1.61645];
rx = [rx 0.636021];
ry = [ry 1.70183];
rx = [rx 0.659381];
ry = [ry 1.66148];
rx = [rx 0.672641];
ry = [ry 1.64728];
rx = [rx 0.696682];
ry = [ry 1.6119];
rx = [rx 0.657622];
ry = [ry 1.70682];
rx = [rx 0.660284];
ry = [ry 1.71357];
rx = [rx 0.69172];
ry = [ry 1.6668];
rx = [rx 0.706213];
ry = [ry 1.65406];
rx = [rx 0.67986];
ry = [ry 1.71214];
rx = [rx 0.655416];
ry = [ry 1.76284];
rx = [rx 0.63668];
ry = [ry 1.80091];
rx = [rx 0.694017];
ry = [ry 1.72104];
rx = [rx 0.690901];
ry = [ry 1.73544];
rx = [rx 0.734756];
ry = [ry 1.68299];
rx = [rx 0.729317];
ry = [ry 1.70135];
rx = [rx 0.648608];
ry = [ry 1.81704];
rx = [rx 0.714094];
ry = [ry 1.74052];
rx = [rx 0.708446];
ry = [ry 1.75605];
rx = [rx 0.618895];
ry = [ry 1.86926];
rx = [rx 0.739588];
ry = [ry 1.73657];
rx = [rx 0.703211];
ry = [ry 1.78504];
rx = [rx 0.663063];
ry = [ry 1.83442];
rx = [rx 0.679402];
ry = [ry 1.82301];
rx = [rx 0.730861];
ry = [ry 1.77795];
rx = [rx 0.742307];
ry = [ry 1.77426];
rx = [rx 0.73637];
ry = [ry 1.78705];
rx = [rx 0.713296];
ry = [ry 1.81443];
rx = [rx 0.751021];
ry = [ry 1.78812];
rx = [rx 0.721993];
ry = [ry 1.81906];
rx = [rx 0.708128];
ry = [ry 1.83602];
rx = [rx 0.661259];
ry = [ry 1.87744];
rx = [rx 0.67928];
ry = [ry 1.86799];
rx = [rx 0.648939];
ry = [ry 1.894];
rx = [rx 0.680195];
ry = [ry 1.87587];
rx = [rx 0.647971];
ry = [ry 1.90138];
rx = [rx 0.724084];
ry = [ry 1.85598];
rx = [rx 0.589639];
ry = [ry 1.94362];
rx = [rx 0.719418];
ry = [ry 1.86864];
rx = [rx 0.603803];
ry = [ry 1.93895];
rx = [rx 0.726503];
ry = [ry 1.87408];
rx = [rx 0.747969];
ry = [ry 1.86754];
rx = [rx 0.689303];
ry = [ry 1.90195];
rx = [rx 0.723287];
ry = [ry 1.88938];
rx = [rx 0.599513];
ry = [ry 1.95036];
rx = [rx 0.756905];
ry = [ry 1.88337];
rx = [rx 0.642043];
ry = [ry 1.93606];
rx = [rx 0.708904];
ry = [ry 1.91214];
rx = [rx 0.591387];
ry = [ry 1.96008];
rx = [rx 0.660925];
ry = [ry 1.9368];
rx = [rx 0.696785];
ry = [ry 1.92754];
rx = [rx 0.710394];
ry = [ry 1.92668];
rx = [rx 0.651251];
ry = [ry 1.94795];
rx = [rx 0.715986];
ry = [ry 1.93243];
rx = [rx 0.645132];
ry = [ry 1.95456];
rx = [rx 0.731706];
ry = [ry 1.936];
rx = [rx 0.744245];
ry = [ry 1.93714];
rx = [rx 0.759274];
ry = [ry 1.93819];
rx = [rx 0.694887];
ry = [ry 1.95458];
rx = [rx 0.690524];
ry = [ry 1.9585];
rx = [rx 0.672493];
ry = [ry 1.9643];
rx = [rx 0.699558];
ry = [ry 1.96345];
rx = [rx 0.7385];
ry = [ry 1.96218];
rx = [rx 0.657577];
ry = [ry 1.97397];
rx = [rx 0.616608];
ry = [ry 1.9797];
rx = [rx 0.749397];
ry = [ry 1.97313];
rx = [rx 0.699304];
ry = [ry 1.97943];
rx = [rx 0.675782];
ry = [ry 1.98325];
rx = [rx 0.67577];
ry = [ry 1.986];
rx = [rx 0.715903];
ry = [ry 1.98905];
rx = [rx 0.66798];
ry = [ry 1.99131];
rx = [rx 0.6282];
ry = [ry 1.99225];
rx = [rx 0.699444];
ry = [ry 1.99844];
rx = [rx 0.681677];
ry = [ry 2.00024];
rx = [rx 0.667564];
ry = [ry 2.00178];
rx = [rx 0.705701];
ry = [ry 2.00871];
rx = [rx 0.674992];
ry = [ry 2.00803];
rx = [rx 0.586088];
ry = [ry 1.99766];
rx = [rx 0.710089];
ry = [ry 2.01945];
rx = [rx 0.59812];
ry = [ry 2.00231];
rx = [rx 0.649695];
ry = [ry 2.01418];
rx = [rx 0.712655];
ry = [ry 2.03045];
rx = [rx 0.698014];
ry = [ry 2.03053];
rx = [rx 0.694489];
ry = [ry 2.03295];
rx = [rx 0.674212];
ry = [ry 2.03066];
rx = [rx 0.662697];
ry = [ry 2.03021];
rx = [rx 0.603639];
ry = [ry 2.01443];
rx = [rx 0.595182];
ry = [ry 2.01326];
rx = [rx 0.62355];
ry = [ry 2.02477];
rx = [rx 0.541281];
ry = [ry 1.99622];
rx = [rx 0.666859];
ry = [ry 2.04595];
rx = [rx 0.576477];
ry = [ry 2.01168];
rx = [rx 0.626793];
ry = [ry 2.03468];
rx = [rx 0.665127];
ry = [ry 2.05435];
rx = [rx 0.596414];
ry = [ry 2.02481];
rx = [rx 0.627338];
ry = [ry 2.04187];
rx = [rx 0.638772];
ry = [ry 2.0502];
rx = [rx 0.687014];
ry = [ry 2.07901];
rx = [rx 0.669215];
ry = [ry 2.07282];
rx = [rx 0.668519];
ry = [ry 2.07592];
rx = [rx 0.620491];
ry = [ry 2.05014];
rx = [rx 0.638105];
ry = [ry 2.06381];
