rx = [];
ry = [];
rx = [rx -0.419575];
ry = [ry 1.65465];
rx = [rx -0.404875];
ry = [ry 1.64113];
rx = [rx -0.398748];
ry = [ry 1.6236];
rx = [rx -0.346587];
ry = [ry 1.63006];
rx = [rx -0.479643];
ry = [ry 1.53739];
rx = [rx -0.400453];
ry = [ry 1.55895];
rx = [rx -0.459027];
ry = [ry 1.50218];
rx = [rx -0.329494];
ry = [ry 1.55799];
rx = [rx -0.310433];
ry = [ry 1.54887];
rx = [rx -0.321733];
ry = [ry 1.52003];
rx = [rx -0.267098];
ry = [ry 1.53563];
rx = [rx -0.320529];
ry = [ry 1.47611];
rx = [rx -0.300554];
ry = [ry 1.46776];
rx = [rx -0.354139];
ry = [ry 1.40319];
rx = [rx -0.326976];
ry = [ry 1.39949];
rx = [rx -0.30849];
ry = [ry 1.38945];
rx = [rx -0.304536];
ry = [ry 1.36732];
rx = [rx -0.323662];
ry = [ry 1.32413];
rx = [rx -0.222864];
ry = [ry 1.38929];
rx = [rx -0.303263];
ry = [ry 1.28744];
rx = [rx -0.248823];
ry = [ry 1.31238];
rx = [rx -0.317393];
ry = [ry 1.2144];
rx = [rx -0.236989];
ry = [ry 1.2681];
rx = [rx -0.214473];
ry = [ry 1.26324];
rx = [rx -0.226389];
ry = [ry 1.21989];
rx = [rx -0.214107];
ry = [ry 1.20282];
rx = [rx -0.186081];
ry = [ry 1.20466];
rx = [rx -0.178977];
ry = [ry 1.18116];
rx = [rx -0.175988];
ry = [ry 1.15146];
rx = [rx -0.150477];
ry = [ry 1.15106];
rx = [rx -0.00464444];
ry = [ry 1.32103];
rx = [rx -0.0541067];
ry = [ry 1.21928];
rx = [rx -0.0247078];
ry = [ry 1.23015];
rx = [rx 0.0203892];
ry = [ry 1.26743];
rx = [rx 0.0253318];
ry = [ry 1.24258];
rx = [rx 0.0408779];
ry = [ry 1.23454];
rx = [rx 0.0320319];
ry = [ry 1.18324];
rx = [rx 0.100432];
ry = [ry 1.27135];
rx = [rx 0.0614324];
ry = [ry 1.16038];
rx = [rx 0.177441];
ry = [ry 1.35288];
rx = [rx 0.10606];
ry = [ry 1.16853];
rx = [rx 0.153767];
ry = [ry 1.23034];
rx = [rx 0.188395];
ry = [ry 1.26858];
rx = [rx 0.19724];
ry = [ry 1.24866];
rx = [rx 0.193253];
ry = [ry 1.19451];
rx = [rx 0.212939];
ry = [ry 1.1989];
rx = [rx 0.239398];
ry = [ry 1.22371];
rx = [rx 0.260465];
ry = [ry 1.23585];
rx = [rx 0.279202];
ry = [ry 1.24267];
rx = [rx 0.253538];
ry = [ry 1.09987];
rx = [rx 0.282088];
ry = [ry 1.13525];
rx = [rx 0.330654];
ry = [ry 1.25459];
rx = [rx 0.34624];
ry = [ry 1.25449];
rx = [rx 0.350215];
ry = [ry 1.20203];
rx = [rx 0.389297];
ry = [ry 1.31518];
rx = [rx 0.397084];
ry = [ry 1.28037];
rx = [rx 0.432177];
ry = [ry 1.40393];
rx = [rx 0.419221];
ry = [ry 1.23166];
rx = [rx 0.438927];
ry = [ry 1.26491];
rx = [rx 0.454972];
ry = [ry 1.27656];
rx = [rx 0.470071];
ry = [ry 1.28312];
rx = [rx 0.490972];
ry = [ry 1.36918];
rx = [rx 0.498955];
ry = [ry 1.28797];
rx = [rx 0.513633];
ry = [ry 1.3003];
rx = [rx 0.528359];
ry = [ry 1.33348];
rx = [rx 0.542052];
ry = [ry 1.38767];
rx = [rx 0.554846];
ry = [ry 1.35073];
rx = [rx 0.570035];
ry = [ry 1.27502];
rx = [rx 0.580247];
ry = [ry 1.36582];
rx = [rx 0.591698];
ry = [ry 1.38727];
rx = [rx 0.603581];
ry = [ry 1.39443];
rx = [rx 0.614064];
ry = [ry 1.4136];
rx = [rx 0.614007];
ry = [ry 1.51804];
rx = [rx 0.626933];
ry = [ry 1.49823];
rx = [rx 0.638426];
ry = [ry 1.49282];
rx = [rx 0.657058];
ry = [ry 1.44681];
rx = [rx 0.659333];
ry = [ry 1.49716];
rx = [rx 0.676073];
ry = [ry 1.46869];
rx = [rx 0.657811];
ry = [ry 1.60148];
rx = [rx 0.680402];
ry = [ry 1.54595];
rx = [rx 0.671566];
ry = [ry 1.61904];
rx = [rx 0.707996];
ry = [ry 1.52084];
rx = [rx 0.716685];
ry = [ry 1.52827];
rx = [rx 0.704747];
ry = [ry 1.60008];
rx = [rx 0.731338];
ry = [ry 1.54971];
rx = [rx 0.753394];
ry = [ry 1.5179];
rx = [rx 0.730524];
ry = [ry 1.60915];
rx = [rx 0.748639];
ry = [ry 1.58817];
rx = [rx 0.748151];
ry = [ry 1.6142];
rx = [rx 0.741461];
ry = [ry 1.6523];
rx = [rx 0.738218];
ry = [ry 1.67973];
rx = [rx 0.725422];
ry = [ry 1.72495];
rx = [rx 0.758968];
ry = [ry 1.67413];
rx = [rx 0.770309];
ry = [ry 1.67029];
rx = [rx 0.736764];
ry = [ry 1.74932];
rx = [rx 0.779444];
ry = [ry 1.68828];
rx = [rx 0.756966];
ry = [ry 1.74238];
rx = [rx 0.788441];
ry = [ry 1.705];
rx = [rx 0.71254];
ry = [ry 1.83849];
rx = [rx 0.776263];
ry = [ry 1.75237];
rx = [rx 0.828754];
ry = [ry 1.68909];
rx = [rx 0.789641];
ry = [ry 1.75854];
rx = [rx 0.78454];
ry = [ry 1.7776];
rx = [rx 0.735414];
ry = [ry 1.85273];
rx = [rx 0.768537];
ry = [ry 1.81992];
rx = [rx 0.785056];
ry = [ry 1.8097];
rx = [rx 0.817534];
ry = [ry 1.78186];
rx = [rx 0.75495];
ry = [ry 1.86321];
rx = [rx 0.755749];
ry = [ry 1.87042];
rx = [rx 0.798347];
ry = [ry 1.83354];
rx = [rx 0.815675];
ry = [ry 1.82505];
rx = [rx 0.775015];
ry = [ry 1.87418];
rx = [rx 0.73813];
ry = [ry 1.9167];
rx = [rx 0.710067];
ry = [ry 1.94852];
rx = [rx 0.786343];
ry = [ry 1.88648];
rx = [rx 0.779557];
ry = [ry 1.89956];
rx = [rx 0.835633];
ry = [ry 1.86045];
rx = [rx 0.82557];
ry = [ry 1.87674];
rx = [rx 0.717347];
ry = [ry 1.96721];
rx = [rx 0.800609];
ry = [ry 1.91054];
rx = [rx 0.791084];
ry = [ry 1.92405];
rx = [rx 0.674982];
ry = [ry 2.00981];
rx = [rx 0.826246];
ry = [ry 1.91342];
rx = [rx 0.778433];
ry = [ry 1.95065];
rx = [rx 0.726738];
ry = [ry 1.98778];
rx = [rx 0.745498];
ry = [ry 1.98105];
rx = [rx 0.806973];
ry = [ry 1.95106];
rx = [rx 0.818987];
ry = [ry 1.9505];
rx = [rx 0.809904];
ry = [ry 1.96128];
rx = [rx 0.780456];
ry = [ry 1.98166];
rx = [rx 0.82376];
ry = [ry 1.96616];
rx = [rx 0.787636];
ry = [ry 1.9884];
rx = [rx 0.769807];
ry = [ry 2.00114];
rx = [rx 0.713717];
ry = [ry 2.02881];
rx = [rx 0.733585];
ry = [ry 2.02442];
rx = [rx 0.697485];
ry = [ry 2.04157];
rx = [rx 0.732402];
ry = [ry 2.03226];
rx = [rx 0.694616];
ry = [ry 2.04844];
rx = [rx 0.779972];
ry = [ry 2.02458];
rx = [rx 0.627248];
ry = [ry 2.0739];
rx = [rx 0.772147];
ry = [ry 2.03558];
rx = [rx 0.642142];
ry = [ry 2.07311];
rx = [rx 0.77756];
ry = [ry 2.04268];
rx = [rx 0.799989];
ry = [ry 2.042];
rx = [rx 0.734353];
ry = [ry 2.05982];
rx = [rx 0.770442];
ry = [ry 2.05661];
rx = [rx 0.63501];
ry = [ry 2.08299];
rx = [rx 0.804459];
ry = [ry 2.05963];
rx = [rx 0.679801];
ry = [ry 2.08034];
rx = [rx 0.750596];
ry = [ry 2.07479];
rx = [rx 0.62462];
ry = [ry 2.09024];
rx = [rx 0.697829];
ry = [ry 2.08601];
rx = [rx 0.734862];
ry = [ry 2.08648];
rx = [rx 0.748221];
ry = [ry 2.08922];
rx = [rx 0.685567];
ry = [ry 2.09424];
rx = [rx 0.752109];
ry = [ry 2.09623];
rx = [rx 0.677932];
ry = [ry 2.099];
rx = [rx 0.76634];
ry = [ry 2.10381];
rx = [rx 0.778144];
ry = [ry 2.10819];
rx = [rx 0.792372];
ry = [ry 2.11314];
rx = [rx 0.72594];
ry = [ry 2.11208];
rx = [rx 0.720702];
ry = [ry 2.11471];
rx = [rx 0.701779];
ry = [ry 2.11559];
rx = [rx 0.72812];
ry = [ry 2.12186];
rx = [rx 0.766033];
ry = [ry 2.13085];
rx = [rx 0.68485];
ry = [ry 2.121];
rx = [rx 0.643811];
ry = [ry 2.11579];
rx = [rx 0.773677];
ry = [ry 2.14427];
rx = [rx 0.723684];
ry = [ry 2.13722];
rx = [rx 0.699985];
ry = [ry 2.13473];
rx = [rx 0.699252];
ry = [ry 2.13739];
rx = [rx 0.73718];
ry = [ry 2.15085];
rx = [rx 0.690341];
ry = [ry 2.14047];
rx = [rx 0.651708];
ry = [ry 2.13094];
rx = [rx 0.718836];
ry = [ry 2.15559];
rx = [rx 0.701217];
ry = [ry 2.15268];
rx = [rx 0.687195];
ry = [ry 2.15046];
rx = [rx 0.72218];
ry = [ry 2.16715];
rx = [rx 0.692724];
ry = [ry 2.15844];
rx = [rx 0.609652];
ry = [ry 2.12511];
rx = [rx 0.723598];
ry = [ry 2.17866];
rx = [rx 0.620043];
ry = [ry 2.13276];
rx = [rx 0.6667];
ry = [ry 2.15774];
rx = [rx 0.72319];
ry = [ry 2.18995];
rx = [rx 0.709041];
ry = [ry 2.18619];
rx = [rx 0.705003];
ry = [ry 2.1876];
rx = [rx 0.686037];
ry = [ry 2.18007];
rx = [rx 0.675043];
ry = [ry 2.17662];
rx = [rx 0.622189];
ry = [ry 2.14591];
rx = [rx 0.614334];
ry = [ry 2.14256];
rx = [rx 0.638693];
ry = [ry 2.1611];
rx = [rx 0.566789];
ry = [ry 2.11198];
rx = [rx 0.67493];
ry = [ry 2.1929];
rx = [rx 0.5967];
ry = [ry 2.13612];
rx = [rx 0.639225];
ry = [ry 2.17151];
rx = [rx 0.671056];
ry = [ry 2.20055];
rx = [rx 0.612495];
ry = [ry 2.15403];
rx = [rx 0.637864];
ry = [ry 2.1786];
rx = [rx 0.646713];
ry = [ry 2.18963];
rx = [rx 0.685712];
ry = [ry 2.23008];
rx = [rx 0.67016];
ry = [ry 2.21944];
rx = [rx 0.668675];
ry = [ry 2.22225];
rx = [rx 0.629087];
ry = [ry 2.18479];
rx = [rx 0.6425];
ry = [ry 2.2026];
rx = [rx 0.639849];
ry = [ry 2.20334];
