rx = [];
ry = [];
rx = [rx -0.764227];
ry = [ry 2.53737];
rx = [rx -0.764575];
ry = [ry 2.5174];
rx = [rx -0.773614];
ry = [ry 2.50118];
rx = [rx -0.73414];
ry = [ry 2.46647];
rx = [rx -0.891785];
ry = [ry 2.50441];
rx = [rx -0.823079];
ry = [ry 2.45952];
rx = [rx -0.904424];
ry = [ry 2.46561];
rx = [rx -0.776673];
ry = [ry 2.40583];
rx = [rx -0.770833];
ry = [ry 2.38552];
rx = [rx -0.799905];
ry = [ry 2.37482];
rx = [rx -0.751953];
ry = [ry 2.34433];
rx = [rx -0.831939];
ry = [ry 2.34475];
rx = [rx -0.824919];
ry = [ry 2.32427];
rx = [rx -0.908778];
ry = [ry 2.32146];
rx = [rx -0.893509];
ry = [ry 2.29869];
rx = [rx -0.888733];
ry = [ry 2.2782];
rx = [rx -0.90266];
ry = [ry 2.26055];
rx = [rx -0.947647];
ry = [ry 2.24617];
rx = [rx -0.831994];
ry = [ry 2.21408];
rx = [rx -0.961534];
ry = [ry 2.20655];
rx = [rx -0.906735];
ry = [ry 2.18241];
rx = [rx -1.02553];
ry = [ry 2.16861];
rx = [rx -0.931978];
ry = [ry 2.14416];
rx = [rx -0.920666];
ry = [ry 2.12409];
rx = [rx -0.960989];
ry = [ry 2.10421];
rx = [rx -0.965594];
ry = [ry 2.0837];
rx = [rx -0.945606];
ry = [ry 2.06396];
rx = [rx -0.95846];
ry = [ry 2.04305];
rx = [rx -0.978676];
ry = [ry 2.02109];
rx = [rx -0.962033];
ry = [ry 2.00175];
rx = [rx -0.738113];
ry = [ry 2.00559];
rx = [rx -0.847032];
ry = [ry 1.975];
rx = [rx -0.819382];
ry = [ry 1.96024];
rx = [rx -0.761563];
ry = [ry 1.95128];
rx = [rx -0.776856];
ry = [ry 1.93109];
rx = [rx -0.772542];
ry = [ry 1.91412];
rx = [rx -0.816777];
ry = [ry 1.88666];
rx = [rx -0.705478];
ry = [ry 1.89404];
rx = [rx -0.814341];
ry = [ry 1.8495];
rx = [rx -0.593375];
ry = [ry 1.89061];
rx = [rx -0.778613];
ry = [ry 1.82155];
rx = [rx -0.700718];
ry = [ry 1.82693];
rx = [rx -0.649133];
ry = [ry 1.82643];
rx = [rx -0.658151];
ry = [ry 1.80659];
rx = [rx -0.701283];
ry = [ry 1.77361];
rx = [rx -0.684926];
ry = [ry 1.76181];
rx = [rx -0.648807];
ry = [ry 1.75851];
rx = [rx -0.625738];
ry = [ry 1.75082];
rx = [rx -0.608201];
ry = [ry 1.74133];
rx = [rx -0.73201];
ry = [ry 1.66569];
rx = [rx -0.686599];
ry = [ry 1.66784];
rx = [rx -0.565115];
ry = [ry 1.71079];
rx = [rx -0.554842];
ry = [ry 1.69906];
rx = [rx -0.591423];
ry = [ry 1.66125];
rx = [rx -0.480876];
ry = [ry 1.70717];
rx = [rx -0.501731];
ry = [ry 1.67823];
rx = [rx -0.386047];
ry = [ry 1.73405];
rx = [rx -0.523448];
ry = [ry 1.62934];
rx = [rx -0.485497];
ry = [ry 1.63669];
rx = [rx -0.466134];
ry = [ry 1.63243];
rx = [rx -0.451202];
ry = [ry 1.62549];
rx = [rx -0.372977];
ry = [ry 1.66702];
rx = [rx -0.428397];
ry = [ry 1.60712];
rx = [rx -0.40943];
ry = [ry 1.60433];
rx = [rx -0.374844];
ry = [ry 1.61536];
rx = [rx -0.325236];
ry = [ry 1.6411];
rx = [rx -0.344359];
ry = [ry 1.60701];
rx = [rx -0.390871];
ry = [ry 1.54538];
rx = [rx -0.316202];
ry = [ry 1.59804];
rx = [rx -0.292564];
ry = [ry 1.60372];
rx = [rx -0.279323];
ry = [ry 1.59959];
rx = [rx -0.258028];
ry = [ry 1.60448];
rx = [rx -0.179979];
ry = [ry 1.67388];
rx = [rx -0.186208];
ry = [ry 1.65106];
rx = [rx -0.182615];
ry = [ry 1.63888];
rx = [rx -0.204644];
ry = [ry 1.5944];
rx = [rx -0.165492];
ry = [ry 1.62613];
rx = [rx -0.175654];
ry = [ry 1.59471];
rx = [rx -0.0885015];
ry = [ry 1.69655];
rx = [rx -0.115017];
ry = [ry 1.64278];
rx = [rx -0.0662412];
ry = [ry 1.69792];
rx = [rx -0.115471];
ry = [ry 1.60547];
rx = [rx -0.104145];
ry = [ry 1.60391];
rx = [rx -0.0583777];
ry = [ry 1.66053];
rx = [rx -0.0783806];
ry = [ry 1.60719];
rx = [rx -0.0875173];
ry = [ry 1.56958];
rx = [rx -0.0344812];
ry = [ry 1.64728];
rx = [rx -0.0381367];
ry = [ry 1.6198];
rx = [rx -0.0189988];
ry = [ry 1.63745];
rx = [rx 0.00504261];
ry = [ry 1.66775];
rx = [rx 0.0233975];
ry = [ry 1.68839];
rx = [rx 0.0487118];
ry = [ry 1.72799];
rx = [rx 0.0329935];
ry = [ry 1.66916];
rx = [rx 0.0376527];
ry = [ry 1.65813];
rx = [rx 0.074461];
ry = [ry 1.7357];
rx = [rx 0.0571641];
ry = [ry 1.66325];
rx = [rx 0.0826849];
ry = [ry 1.71598];
rx = [rx 0.0756456];
ry = [ry 1.66763];
rx = [rx 0.125044];
ry = [ry 1.81302];
rx = [rx 0.102972];
ry = [ry 1.70819];
rx = [rx 0.090517];
ry = [ry 1.62692];
rx = [rx 0.11647];
ry = [ry 1.70229];
rx = [rx 0.127335];
ry = [ry 1.71876];
rx = [rx 0.150882];
ry = [ry 1.80538];
rx = [rx 0.148347];
ry = [ry 1.75883];
rx = [rx 0.151673];
ry = [ry 1.73969];
rx = [rx 0.152426];
ry = [ry 1.69691];
rx = [rx 0.17169];
ry = [ry 1.79773];
rx = [rx 0.177613];
ry = [ry 1.80192];
rx = [rx 0.178326];
ry = [ry 1.74558];
rx = [rx 0.183483];
ry = [ry 1.72699];
rx = [rx 0.193214];
ry = [ry 1.79001];
rx = [rx 0.200508];
ry = [ry 1.84583];
rx = [rx 0.205665];
ry = [ry 1.88794];
rx = [rx 0.209933];
ry = [ry 1.78971];
rx = [rx 0.215211];
ry = [ry 1.80348];
rx = [rx 0.223203];
ry = [ry 1.73557];
rx = [rx 0.2287];
ry = [ry 1.75391];
rx = [rx 0.224476];
ry = [ry 1.89491];
rx = [rx 0.237397];
ry = [ry 1.79503];
rx = [rx 0.241175];
ry = [ry 1.81112];
rx = [rx 0.22819];
ry = [ry 1.95488];
rx = [rx 0.256573];
ry = [ry 1.77777];
rx = [rx 0.252657];
ry = [ry 1.83824];
rx = [rx 0.246088];
ry = [ry 1.90155];
rx = [rx 0.253516];
ry = [ry 1.88305];
rx = [rx 0.27192];
ry = [ry 1.81718];
rx = [rx 0.279476];
ry = [ry 1.80782];
rx = [rx 0.281508];
ry = [ry 1.82177];
rx = [rx 0.277186];
ry = [ry 1.85732];
rx = [rx 0.294356];
ry = [ry 1.81465];
rx = [rx 0.286996];
ry = [ry 1.85643];
rx = [rx 0.284678];
ry = [ry 1.87822];
rx = [rx 0.268122];
ry = [ry 1.93853];
rx = [rx 0.278033];
ry = [ry 1.92076];
rx = [rx 0.266877];
ry = [ry 1.95914];
rx = [rx 0.28311];
ry = [ry 1.92686];
rx = [rx 0.270107];
ry = [ry 1.96585];
rx = [rx 0.308955];
ry = [ry 1.88619];
rx = [rx 0.244407];
ry = [ry 2.03312];
rx = [rx 0.311982];
ry = [ry 1.89934];
rx = [rx 0.253706];
ry = [ry 2.02146];
rx = [rx 0.320885];
ry = [ry 1.90001];
rx = [rx 0.335271];
ry = [ry 1.88279];
rx = [rx 0.305007];
ry = [ry 1.9437];
rx = [rx 0.326573];
ry = [ry 1.91458];
rx = [rx 0.256358];
ry = [ry 2.03336];
rx = [rx 0.351419];
ry = [ry 1.89115];
rx = [rx 0.284125];
ry = [ry 1.99811];
rx = [rx 0.326988];
ry = [ry 1.9415];
rx = [rx 0.254878];
ry = [ry 2.04594];
rx = [rx 0.300333];
ry = [ry 1.9884];
rx = [rx 0.325275];
ry = [ry 1.96102];
rx = [rx 0.336194];
ry = [ry 1.95285];
rx = [rx 0.298343];
ry = [ry 2.00303];
rx = [rx 0.344021];
ry = [ry 1.9546];
rx = [rx 0.296836];
ry = [ry 2.0119];
rx = [rx 0.359136];
ry = [ry 1.94899];
rx = [rx 0.37025];
ry = [ry 1.94308];
rx = [rx 0.383402];
ry = [ry 1.93573];
rx = [rx 0.338489];
ry = [ry 1.98469];
rx = [rx 0.336982];
ry = [ry 1.99036];
rx = [rx 0.32507];
ry = [ry 2.00508];
rx = [rx 0.347255];
ry = [ry 1.98956];
rx = [rx 0.379149];
ry = [ry 1.96718];
rx = [rx 0.317878];
ry = [ry 2.02134];
rx = [rx 0.286728];
ry = [ry 2.04856];
rx = [rx 0.394263];
ry = [ry 1.97038];
rx = [rx 0.35579];
ry = [ry 2.00307];
rx = [rx 0.338192];
ry = [ry 2.01914];
rx = [rx 0.339689];
ry = [ry 2.02145];
rx = [rx 0.374944];
ry = [ry 2.00204];
rx = [rx 0.336076];
ry = [ry 2.03016];
rx = [rx 0.303295];
ry = [ry 2.05272];
rx = [rx 0.366308];
ry = [ry 2.0189];
rx = [rx 0.352427];
ry = [ry 2.03013];
rx = [rx 0.341456];
ry = [ry 2.03915];
rx = [rx 0.377166];
ry = [ry 2.02407];
rx = [rx 0.351095];
ry = [ry 2.04031];
rx = [rx 0.271012];
ry = [ry 2.08029];
rx = [rx 0.386719];
ry = [ry 2.03066];
rx = [rx 0.283628];
ry = [ry 2.0776];
rx = [rx 0.333289];
ry = [ry 2.0593];
rx = [rx 0.394884];
ry = [ry 2.03846];
rx = [rx 0.382676];
ry = [ry 2.04654];
rx = [rx 0.381053];
ry = [ry 2.0505];
rx = [rx 0.362826];
ry = [ry 2.05968];
rx = [rx 0.352944];
ry = [ry 2.0656];
rx = [rx 0.294883];
ry = [ry 2.08472];
rx = [rx 0.287166];
ry = [ry 2.08838];
rx = [rx 0.317206];
ry = [ry 2.08248];
rx = [rx 0.232726];
ry = [ry 2.10361];
rx = [rx 0.365046];
ry = [ry 2.0765];
rx = [rx 0.270642];
ry = [ry 2.09729];
rx = [rx 0.325341];
ry = [ry 2.08899];
rx = [rx 0.368193];
ry = [ry 2.08448];
rx = [rx 0.294517];
ry = [ry 2.09737];
rx = [rx 0.329733];
ry = [ry 2.09471];
rx = [rx 0.343863];
ry = [ry 2.09543];
rx = [rx 0.400004];
ry = [ry 2.09313];
rx = [rx 0.38172];
ry = [ry 2.09769];
rx = [rx 0.382836];
ry = [ry 2.10067];
rx = [rx 0.328533];
