rx = [];
ry = [];
rx = [rx -0.408448];
ry = [ry 1.60654];
rx = [rx -0.395003];
ry = [ry 1.59214];
rx = [rx -0.381012];
ry = [ry 1.57825];
rx = [rx -0.36661];
ry = [ry 1.56482];
rx = [rx -0.349459];
ry = [ry 1.55328];
rx = [rx -0.333537];
ry = [ry 1.54132];
rx = [rx -0.33159];
ry = [ry 1.52062];
rx = [rx -0.335399];
ry = [ry 1.49564];
rx = [rx -0.332807];
ry = [ry 1.4744];
rx = [rx -0.318662];
ry = [ry 1.4611];
rx = [rx -0.308251];
ry = [ry 1.44516];
rx = [rx -0.297608];
ry = [ry 1.42933];
rx = [rx -0.300199];
ry = [ry 1.40276];
rx = [rx -0.31881];
ry = [ry 1.36193];
rx = [rx -0.321163];
ry = [ry 1.33333];
rx = [rx -0.292981];
ry = [ry 1.33119];
rx = [rx -0.273365];
ry = [ry 1.32201];
rx = [rx -0.258505];
ry = [ry 1.30865];
rx = [rx -0.247942];
ry = [ry 1.29107];
rx = [rx -0.238987];
ry = [ry 1.27157];
rx = [rx -0.223285];
ry = [ry 1.2589];
rx = [rx -0.210213];
ry = [ry 1.2434];
rx = [rx -0.194467];
ry = [ry 1.23081];
rx = [rx -0.182625];
ry = [ry 1.21363];
rx = [rx -0.174068];
ry = [ry 1.1921];
rx = [rx -0.161145];
ry = [ry 1.1755];
rx = [rx -0.143576];
ry = [ry 1.16476];
rx = [rx -0.13062];
ry = [ry 1.1478];
rx = [rx -0.119793];
ry = [ry 1.12744];
rx = [rx -0.106858];
ry = [ry 1.10954];
rx = [rx 0.00660139];
ry = [ry 1.24554];
rx = [rx 0.0239185];
ry = [ry 1.23966];
rx = [rx 0.0414041];
ry = [ry 1.23435];
rx = [rx 0.0590416];
ry = [ry 1.22961];
rx = [rx 0.0767864];
ry = [ry 1.2254];
rx = [rx 0.0946207];
ry = [ry 1.22173];
rx = [rx 0.112527];
ry = [ry 1.2186];
rx = [rx 0.130486];
ry = [ry 1.216];
rx = [rx 0.148482];
ry = [ry 1.21393];
rx = [rx 0.166495];
ry = [ry 1.2124];
rx = [rx 0.184546];
ry = [ry 1.21148];
rx = [rx 0.202583];
ry = [ry 1.21111];
rx = [rx 0.220582];
ry = [ry 1.21126];
rx = [rx 0.238526];
ry = [ry 1.21194];
rx = [rx 0.256399];
ry = [ry 1.21314];
rx = [rx 0.274183];
ry = [ry 1.21484];
rx = [rx 0.291861];
ry = [ry 1.21706];
rx = [rx 0.309448];
ry = [ry 1.21987];
rx = [rx 0.326897];
ry = [ry 1.2232];
rx = [rx 0.344189];
ry = [ry 1.22701];
rx = [rx 0.361309];
ry = [ry 1.23129];
rx = [rx 0.378242];
ry = [ry 1.23605];
rx = [rx 0.394972];
ry = [ry 1.24125];
rx = [rx 0.411499];
ry = [ry 1.24697];
rx = [rx 0.427804];
ry = [ry 1.2532];
rx = [rx 0.443863];
ry = [ry 1.25985];
rx = [rx 0.459661];
ry = [ry 1.26691];
rx = [rx 0.475188];
ry = [ry 1.27436];
rx = [rx 0.490431];
ry = [ry 1.2822];
rx = [rx 0.505388];
ry = [ry 1.29052];
rx = [rx 0.520039];
ry = [ry 1.29925];
rx = [rx 0.534371];
ry = [ry 1.30831];
rx = [rx 0.548375];
ry = [ry 1.31769];
rx = [rx 0.562043];
ry = [ry 1.32738];
rx = [rx 0.575365];
ry = [ry 1.33745];
rx = [rx 0.588332];
ry = [ry 1.34788];
rx = [rx 0.600936];
ry = [ry 1.35857];
rx = [rx 0.613173];
ry = [ry 1.3695];
rx = [rx 0.625039];
ry = [ry 1.38063];
rx = [rx 0.636512];
ry = [ry 1.39214];
rx = [rx 0.647599];
ry = [ry 1.40387];
rx = [rx 0.6583];
ry = [ry 1.41576];
rx = [rx 0.668616];
ry = [ry 1.42778];
rx = [rx 0.678524];
ry = [ry 1.44005];
rx = [rx 0.688024];
ry = [ry 1.45253];
rx = [rx 0.697135];
ry = [ry 1.46508];
rx = [rx 0.705861];
ry = [ry 1.47768];
rx = [rx 0.714161];
ry = [ry 1.49051];
rx = [rx 0.722059];
ry = [ry 1.50343];
rx = [rx 0.72958];
ry = [ry 1.51634];
rx = [rx 0.736718];
ry = [ry 1.52927];
rx = [rx 0.743417];
ry = [ry 1.54238];
rx = [rx 0.749756];
ry = [ry 1.55543];
rx = [rx 0.755748];
ry = [ry 1.56838];
rx = [rx 0.761294];
ry = [ry 1.58151];
rx = [rx 0.766496];
ry = [ry 1.59453];
rx = [rx 0.771382];
ry = [ry 1.60739];
rx = [rx 0.77583];
ry = [ry 1.62038];
rx = [rx 0.779966];
ry = [ry 1.63321];
rx = [rx 0.783807];
ry = [ry 1.64585];
rx = [rx 0.787224];
ry = [ry 1.65859];
rx = [rx 0.790388];
ry = [ry 1.67106];
rx = [rx 0.793224];
ry = [ry 1.68345];
rx = [rx 0.79573];
ry = [ry 1.69574];
rx = [rx 0.798038];
ry = [ry 1.70773];
rx = [rx 0.79993];
ry = [ry 1.71979];
rx = [rx 0.801658];
ry = [ry 1.7315];
rx = [rx 0.803066];
ry = [ry 1.74314];
rx = [rx 0.80426];
ry = [ry 1.75453];
rx = [rx 0.805221];
ry = [ry 1.76574];
rx = [rx 0.805936];
ry = [ry 1.77678];
rx = [rx 0.806482];
ry = [ry 1.78756];
rx = [rx 0.806772];
ry = [ry 1.7982];
rx = [rx 0.806935];
ry = [ry 1.80856];
rx = [rx 0.80686];
ry = [ry 1.81877];
rx = [rx 0.806669];
ry = [ry 1.8287];
rx = [rx 0.80629];
ry = [ry 1.83845];
rx = [rx 0.805774];
ry = [ry 1.84798];
rx = [rx 0.805154];
ry = [ry 1.85725];
rx = [rx 0.80434];
ry = [ry 1.86636];
rx = [rx 0.803544];
ry = [ry 1.87513];
rx = [rx 0.802457];
ry = [ry 1.88385];
rx = [rx 0.801414];
ry = [ry 1.89223];
rx = [rx 0.800214];
ry = [ry 1.90045];
rx = [rx 0.798931];
ry = [ry 1.90846];
rx = [rx 0.797697];
ry = [ry 1.91617];
rx = [rx 0.796197];
ry = [ry 1.92382];
rx = [rx 0.794752];
ry = [ry 1.93118];
rx = [rx 0.793295];
ry = [ry 1.93832];
rx = [rx 0.791657];
ry = [ry 1.94536];
rx = [rx 0.79008];
ry = [ry 1.95213];
rx = [rx 0.788492];
ry = [ry 1.95871];
rx = [rx 0.786745];
ry = [ry 1.96518];
rx = [rx 0.785061];
ry = [ry 1.97143];
rx = [rx 0.78343];
ry = [ry 1.97746];
rx = [rx 0.781595];
ry = [ry 1.98342];
rx = [rx 0.779822];
ry = [ry 1.98919];
rx = [rx 0.778109];
ry = [ry 1.99475];
rx = [rx 0.776323];
ry = [ry 2.0002];
rx = [rx 0.774479];
ry = [ry 2.00553];
rx = [rx 0.772695];
ry = [ry 2.01068];
rx = [rx 0.770965];
ry = [ry 2.01568];
rx = [rx 0.769133];
ry = [ry 2.02058];
rx = [rx 0.767289];
ry = [ry 2.02536];
rx = [rx 0.765501];
ry = [ry 2.02999];
rx = [rx 0.763764];
ry = [ry 2.03449];
rx = [rx 0.761976];
ry = [ry 2.0389];
rx = [rx 0.760137];
ry = [ry 2.04321];
rx = [rx 0.758351];
ry = [ry 2.0474];
rx = [rx 0.756612];
ry = [ry 2.05147];
rx = [rx 0.754919];
ry = [ry 2.05544];
rx = [rx 0.753114];
ry = [ry 2.05934];
rx = [rx 0.751331];
ry = [ry 2.06315];
rx = [rx 0.749593];
ry = [ry 2.06686];
rx = [rx 0.747897];
ry = [ry 2.07048];
rx = [rx 0.746241];
ry = [ry 2.07402];
rx = [rx 0.744505];
ry = [ry 2.07749];
rx = [rx 0.742768];
ry = [ry 2.08088];
rx = [rx 0.74107];
ry = [ry 2.0842];
rx = [rx 0.739409];
ry = [ry 2.08744];
rx = [rx 0.737783];
ry = [ry 2.09062];
rx = [rx 0.736182];
ry = [ry 2.09374];
rx = [rx 0.734481];
ry = [ry 2.09679];
rx = [rx 0.732814];
ry = [ry 2.09979];
rx = [rx 0.731179];
ry = [ry 2.10273];
rx = [rx 0.729574];
ry = [ry 2.10561];
rx = [rx 0.727998];
ry = [ry 2.10844];
rx = [rx 0.726448];
ry = [ry 2.11123];
rx = [rx 0.724832];
ry = [ry 2.11396];
rx = [rx 0.723214];
ry = [ry 2.11664];
rx = [rx 0.721622];
ry = [ry 2.11928];
rx = [rx 0.720055];
ry = [ry 2.12187];
rx = [rx 0.718512];
ry = [ry 2.12443];
rx = [rx 0.71699];
ry = [ry 2.12696];
rx = [rx 0.715489];
ry = [ry 2.12944];
rx = [rx 0.713917];
ry = [ry 2.13188];
rx = [rx 0.712351];
ry = [ry 2.13429];
rx = [rx 0.710805];
ry = [ry 2.13666];
rx = [rx 0.709277];
ry = [ry 2.139];
rx = [rx 0.707767];
ry = [ry 2.14132];
rx = [rx 0.706273];
ry = [ry 2.14361];
rx = [rx 0.704794];
ry = [ry 2.14588];
rx = [rx 0.703298];
ry = [ry 2.14811];
rx = [rx 0.701756];
ry = [ry 2.15031];
rx = [rx 0.700228];
ry = [ry 2.15248];
rx = [rx 0.698714];
ry = [ry 2.15464];
rx = [rx 0.697212];
ry = [ry 2.15677];
rx = [rx 0.695722];
ry = [ry 2.15889];
rx = [rx 0.694241];
ry = [ry 2.161];
rx = [rx 0.69277];
ry = [ry 2.16309];
rx = [rx 0.691281];
ry = [ry 2.16516];
rx = [rx 0.689747];
ry = [ry 2.16719];
rx = [rx 0.688221];
ry = [ry 2.16921];
rx = [rx 0.686703];
ry = [ry 2.17122];
rx = [rx 0.685191];
ry = [ry 2.17321];
rx = [rx 0.683686];
ry = [ry 2.17521];
rx = [rx 0.682185];
ry = [ry 2.17719];
rx = [rx 0.680688];
ry = [ry 2.17917];
rx = [rx 0.679193];
ry = [ry 2.18115];
rx = [rx 0.677633];
ry = [ry 2.18307];
rx = [rx 0.676074];
ry = [ry 2.18499];
rx = [rx 0.674516];
ry = [ry 2.1869];
rx = [rx 0.67296];
ry = [ry 2.18882];
rx = [rx 0.671404];
ry = [ry 2.19073];
rx = [rx 0.669848];
ry = [ry 2.19265];
rx = [rx 0.668289];
ry = [ry 2.19457];
rx = [rx 0.666728];
ry = [ry 2.19649];
rx = [rx 0.665132];
ry = [ry 2.19838];
rx = [rx 0.663501];
ry = [ry 2.20025];
rx = [rx 0.661867];
ry = [ry 2.20213];
rx = [rx 0.660228];
ry = [ry 2.20401];
rx = [rx 0.658582];
ry = [ry 2.20589];
rx = [rx 0.656931];
ry = [ry 2.20778];
rx = [rx 0.655271];
ry = [ry 2.20969];
rx = [rx 0.653602];
