rx = [];
ry = [];
rx = [rx -0.419914];
ry = [ry 1.65436];
rx = [rx -0.405213];
ry = [ry 1.64084];
rx = [rx -0.399086];
ry = [ry 1.62331];
rx = [rx -0.346925];
ry = [ry 1.62978];
rx = [rx -0.479981];
ry = [ry 1.53711];
rx = [rx -0.400792];
ry = [ry 1.55866];
rx = [rx -0.459365];
ry = [ry 1.50189];
rx = [rx -0.329833];
ry = [ry 1.55771];
rx = [rx -0.310771];
ry = [ry 1.54858];
rx = [rx -0.322072];
ry = [ry 1.51974];
rx = [rx -0.267436];
ry = [ry 1.53535];
rx = [rx -0.320868];
ry = [ry 1.47582];
rx = [rx -0.300893];
ry = [ry 1.46747];
rx = [rx -0.354477];
ry = [ry 1.4029];
rx = [rx -0.327315];
ry = [ry 1.3992];
rx = [rx -0.308828];
ry = [ry 1.38917];
rx = [rx -0.304874];
ry = [ry 1.36703];
rx = [rx -0.324001];
ry = [ry 1.32385];
rx = [rx -0.223202];
ry = [ry 1.389];
rx = [rx -0.303602];
ry = [ry 1.28715];
rx = [rx -0.249162];
ry = [ry 1.31209];
rx = [rx -0.317732];
ry = [ry 1.21411];
rx = [rx -0.237327];
ry = [ry 1.26782];
rx = [rx -0.214811];
ry = [ry 1.26295];
rx = [rx -0.226728];
ry = [ry 1.2196];
rx = [rx -0.214446];
ry = [ry 1.20253];
rx = [rx -0.18642];
ry = [ry 1.20437];
rx = [rx -0.179316];
ry = [ry 1.18087];
rx = [rx -0.176326];
ry = [ry 1.15118];
rx = [rx -0.150815];
ry = [ry 1.15078];
rx = [rx -0.00498287];
ry = [ry 1.32074];
rx = [rx -0.0544451];
ry = [ry 1.21899];
rx = [rx -0.0250462];
ry = [ry 1.22986];
rx = [rx 0.0200508];
ry = [ry 1.26714];
rx = [rx 0.0249933];
ry = [ry 1.2423];
rx = [rx 0.0405395];
ry = [ry 1.23426];
rx = [rx 0.0316935];
ry = [ry 1.18295];
rx = [rx 0.100094];
ry = [ry 1.27106];
rx = [rx 0.0610939];
ry = [ry 1.16009];
rx = [rx 0.177103];
ry = [ry 1.3526];
rx = [rx 0.105722];
ry = [ry 1.16824];
rx = [rx 0.153428];
ry = [ry 1.23005];
rx = [rx 0.188057];
ry = [ry 1.26829];
rx = [rx 0.196902];
ry = [ry 1.24837];
rx = [rx 0.192915];
ry = [ry 1.19422];
rx = [rx 0.2126];
ry = [ry 1.19862];
rx = [rx 0.239059];
ry = [ry 1.22342];
rx = [rx 0.260127];
ry = [ry 1.23557];
rx = [rx 0.278863];
ry = [ry 1.24238];
rx = [rx 0.253199];
ry = [ry 1.09958];
rx = [rx 0.281749];
ry = [ry 1.13496];
rx = [rx 0.330316];
ry = [ry 1.25431];
rx = [rx 0.345902];
ry = [ry 1.2542];
rx = [rx 0.349877];
ry = [ry 1.20174];
rx = [rx 0.388959];
ry = [ry 1.31489];
rx = [rx 0.396746];
ry = [ry 1.28008];
rx = [rx 0.431839];
ry = [ry 1.40364];
rx = [rx 0.418882];
ry = [ry 1.23137];
rx = [rx 0.438589];
ry = [ry 1.26463];
rx = [rx 0.454634];
ry = [ry 1.27627];
rx = [rx 0.469732];
ry = [ry 1.28283];
rx = [rx 0.490634];
ry = [ry 1.3689];
rx = [rx 0.498617];
ry = [ry 1.28768];
rx = [rx 0.513294];
ry = [ry 1.30001];
rx = [rx 0.528021];
ry = [ry 1.33319];
rx = [rx 0.541714];
ry = [ry 1.38738];
rx = [rx 0.554508];
ry = [ry 1.35044];
rx = [rx 0.569697];
ry = [ry 1.27474];
rx = [rx 0.579909];
ry = [ry 1.36554];
rx = [rx 0.59136];
ry = [ry 1.38698];
rx = [rx 0.603243];
ry = [ry 1.39414];
rx = [rx 0.613725];
ry = [ry 1.41331];
rx = [rx 0.613669];
ry = [ry 1.51775];
rx = [rx 0.626594];
ry = [ry 1.49794];
rx = [rx 0.638088];
ry = [ry 1.49254];
rx = [rx 0.65672];
ry = [ry 1.44652];
rx = [rx 0.658995];
ry = [ry 1.49687];
rx = [rx 0.675735];
ry = [ry 1.46841];
rx = [rx 0.657473];
ry = [ry 1.60119];
rx = [rx 0.680063];
ry = [ry 1.54566];
rx = [rx 0.671228];
ry = [ry 1.61875];
rx = [rx 0.707657];
ry = [ry 1.52055];
rx = [rx 0.716346];
ry = [ry 1.52798];
rx = [rx 0.704408];
ry = [ry 1.5998];
rx = [rx 0.731];
ry = [ry 1.54942];
rx = [rx 0.753056];
ry = [ry 1.51761];
rx = [rx 0.730186];
ry = [ry 1.60886];
rx = [rx 0.748301];
ry = [ry 1.58788];
rx = [rx 0.747812];
ry = [ry 1.61391];
rx = [rx 0.741123];
ry = [ry 1.65201];
rx = [rx 0.73788];
ry = [ry 1.67944];
rx = [rx 0.725084];
ry = [ry 1.72467];
rx = [rx 0.758629];
ry = [ry 1.67385];
rx = [rx 0.76997];
ry = [ry 1.67];
rx = [rx 0.736426];
ry = [ry 1.74903];
rx = [rx 0.779106];
ry = [ry 1.68799];
rx = [rx 0.756627];
ry = [ry 1.74209];
rx = [rx 0.788103];
ry = [ry 1.70472];
rx = [rx 0.712202];
ry = [ry 1.8382];
rx = [rx 0.775924];
ry = [ry 1.75208];
rx = [rx 0.828415];
ry = [ry 1.6888];
rx = [rx 0.789302];
ry = [ry 1.75825];
rx = [rx 0.784202];
ry = [ry 1.77732];
rx = [rx 0.735075];
ry = [ry 1.85245];
rx = [rx 0.768198];
ry = [ry 1.81963];
rx = [rx 0.784717];
ry = [ry 1.80941];
rx = [rx 0.817196];
ry = [ry 1.78157];
rx = [rx 0.754612];
ry = [ry 1.86292];
rx = [rx 0.75541];
ry = [ry 1.87014];
rx = [rx 0.798009];
ry = [ry 1.83325];
rx = [rx 0.815336];
ry = [ry 1.82476];
rx = [rx 0.774677];
ry = [ry 1.87389];
rx = [rx 0.737792];
ry = [ry 1.91641];
rx = [rx 0.709729];
ry = [ry 1.94823];
rx = [rx 0.786004];
ry = [ry 1.88619];
rx = [rx 0.779219];
ry = [ry 1.89928];
rx = [rx 0.835294];
ry = [ry 1.86016];
rx = [rx 0.825231];
ry = [ry 1.87645];
rx = [rx 0.717009];
ry = [ry 1.96693];
rx = [rx 0.80027];
ry = [ry 1.91025];
rx = [rx 0.790745];
ry = [ry 1.92377];
rx = [rx 0.674643];
ry = [ry 2.00952];
rx = [rx 0.825908];
ry = [ry 1.91313];
rx = [rx 0.778094];
ry = [ry 1.95036];
rx = [rx 0.726399];
ry = [ry 1.98749];
rx = [rx 0.74516];
ry = [ry 1.98076];
rx = [rx 0.806634];
ry = [ry 1.95077];
rx = [rx 0.818649];
ry = [ry 1.95021];
rx = [rx 0.809565];
ry = [ry 1.961];
rx = [rx 0.780118];
ry = [ry 1.98137];
rx = [rx 0.823422];
ry = [ry 1.96587];
rx = [rx 0.787297];
ry = [ry 1.98812];
rx = [rx 0.769469];
ry = [ry 2.00085];
rx = [rx 0.713379];
ry = [ry 2.02853];
rx = [rx 0.733247];
ry = [ry 2.02414];
rx = [rx 0.697147];
ry = [ry 2.04128];
rx = [rx 0.732064];
ry = [ry 2.03198];
rx = [rx 0.694277];
ry = [ry 2.04815];
rx = [rx 0.779633];
ry = [ry 2.02429];
rx = [rx 0.62691];
ry = [ry 2.07361];
rx = [rx 0.771809];
ry = [ry 2.03529];
rx = [rx 0.641803];
ry = [ry 2.07282];
rx = [rx 0.777221];
ry = [ry 2.04239];
rx = [rx 0.799651];
ry = [ry 2.04171];
rx = [rx 0.734015];
ry = [ry 2.05953];
rx = [rx 0.770104];
ry = [ry 2.05632];
rx = [rx 0.634672];
ry = [ry 2.0827];
rx = [rx 0.804121];
ry = [ry 2.05934];
rx = [rx 0.679463];
ry = [ry 2.08006];
rx = [rx 0.750257];
ry = [ry 2.0745];
rx = [rx 0.624282];
ry = [ry 2.08995];
rx = [rx 0.697491];
ry = [ry 2.08572];
rx = [rx 0.734524];
ry = [ry 2.08619];
rx = [rx 0.747882];
ry = [ry 2.08893];
rx = [rx 0.685229];
ry = [ry 2.09395];
rx = [rx 0.751771];
ry = [ry 2.09594];
rx = [rx 0.677594];
ry = [ry 2.09872];
rx = [rx 0.766002];
ry = [ry 2.10352];
rx = [rx 0.777806];
ry = [ry 2.1079];
rx = [rx 0.792033];
ry = [ry 2.11285];
rx = [rx 0.725601];
ry = [ry 2.11179];
rx = [rx 0.720363];
ry = [ry 2.11442];
rx = [rx 0.701441];
ry = [ry 2.1153];
rx = [rx 0.727782];
ry = [ry 2.12158];
rx = [rx 0.765695];
ry = [ry 2.13056];
rx = [rx 0.684512];
ry = [ry 2.12072];
rx = [rx 0.643472];
ry = [ry 2.1155];
rx = [rx 0.773338];
ry = [ry 2.14398];
rx = [rx 0.723345];
ry = [ry 2.13693];
rx = [rx 0.699646];
ry = [ry 2.13444];
rx = [rx 0.698913];
ry = [ry 2.1371];
rx = [rx 0.736842];
ry = [ry 2.15056];
rx = [rx 0.690002];
ry = [ry 2.14018];
rx = [rx 0.651369];
ry = [ry 2.13065];
rx = [rx 0.718498];
ry = [ry 2.1553];
rx = [rx 0.700879];
ry = [ry 2.15239];
rx = [rx 0.686857];
ry = [ry 2.15017];
rx = [rx 0.721842];
ry = [ry 2.16686];
rx = [rx 0.692386];
ry = [ry 2.15815];
rx = [rx 0.609314];
ry = [ry 2.12483];
rx = [rx 0.723259];
ry = [ry 2.17838];
rx = [rx 0.619704];
ry = [ry 2.13247];
rx = [rx 0.666362];
ry = [ry 2.15745];
rx = [rx 0.722852];
ry = [ry 2.18966];
rx = [rx 0.708703];
ry = [ry 2.1859];
rx = [rx 0.704664];
ry = [ry 2.18731];
rx = [rx 0.685699];
ry = [ry 2.17978];
rx = [rx 0.674705];
ry = [ry 2.17633];
rx = [rx 0.621851];
ry = [ry 2.14562];
rx = [rx 0.613996];
ry = [ry 2.14227];
rx = [rx 0.638354];
ry = [ry 2.16082];
rx = [rx 0.566451];
ry = [ry 2.11169];
rx = [rx 0.674592];
ry = [ry 2.19262];
rx = [rx 0.596362];
ry = [ry 2.13583];
rx = [rx 0.638886];
ry = [ry 2.17122];
rx = [rx 0.670718];
ry = [ry 2.20027];
rx = [rx 0.612156];
ry = [ry 2.15374];
rx = [rx 0.637525];
ry = [ry 2.17831];
rx = [rx 0.646375];
ry = [ry 2.18935];
rx = [rx 0.685374];
ry = [ry 2.2298];
rx = [rx 0.669821];
ry = [ry 2.21915];
rx = [rx 0.668336];
ry = [ry 2.22197];
rx = [rx 0.628749];
ry = [ry 2.1845];
rx = [rx 0.642161];
ry = [ry 2.20231];
rx = [rx 0.63951];
