rx = [];
ry = [];
rx = [rx -0.606235];
ry = [ry 2.01337];
rx = [rx -0.599696];
ry = [ry 1.9945];
rx = [rx -0.602605];
ry = [ry 1.97615];
rx = [rx -0.553606];
ry = [ry 1.95714];
rx = [rx -0.714685];
ry = [ry 1.93856];
rx = [rx -0.634733];
ry = [ry 1.92003];
rx = [rx -0.713213];
ry = [ry 1.89778];
rx = [rx -0.572696];
ry = [ry 1.88557];
rx = [rx -0.56023];
ry = [ry 1.86851];
rx = [rx -0.583849];
ry = [ry 1.84846];
rx = [rx -0.528339];
ry = [ry 1.83632];
rx = [rx -0.603593];
ry = [ry 1.80921];
rx = [rx -0.589959];
ry = [ry 1.79239];
rx = [rx -0.667737];
ry = [ry 1.76092];
rx = [rx -0.645571];
ry = [ry 1.74479];
rx = [rx -0.634044];
ry = [ry 1.72719];
rx = [rx -0.64105];
ry = [ry 1.70582];
rx = [rx -0.678352];
ry = [ry 1.67686];
rx = [rx -0.558715];
ry = [ry 1.68648];
rx = [rx -0.677771];
ry = [ry 1.63488];
rx = [rx -0.618012];
ry = [ry 1.63105];
rx = [rx -0.724816];
ry = [ry 1.57725];
rx = [rx -0.628565];
ry = [ry 1.58645];
rx = [rx -0.611043];
ry = [ry 1.5715];
rx = [rx -0.642074];
ry = [ry 1.53897];
rx = [rx -0.639343];
ry = [ry 1.51812];
rx = [rx -0.61379];
ry = [ry 1.50646];
rx = [rx -0.618668];
ry = [ry 1.4824];
rx = [rx -0.630103];
ry = [ry 1.45483];
rx = [rx -0.607826];
ry = [ry 1.44239];
rx = [rx -0.398877];
ry = [ry 1.52299];
rx = [rx -0.490639];
ry = [ry 1.45682];
rx = [rx -0.459599];
ry = [ry 1.45246];
rx = [rx -0.402224];
ry = [ry 1.46392];
rx = [rx -0.409641];
ry = [ry 1.4397];
rx = [rx -0.399758];
ry = [ry 1.42526];
rx = [rx -0.431855];
ry = [ry 1.38427];
rx = [rx -0.329877];
ry = [ry 1.42945];
rx = [rx -0.416792];
ry = [ry 1.35021];
rx = [rx -0.223429];
ry = [ry 1.46478];
rx = [rx -0.37363];
ry = [ry 1.33624];
rx = [rx -0.302334];
ry = [ry 1.36807];
rx = [rx -0.253723];
ry = [ry 1.38534];
rx = [rx -0.25537];
ry = [ry 1.36361];
rx = [rx -0.284533];
ry = [ry 1.31782];
rx = [rx -0.265116];
ry = [ry 1.31236];
rx = [rx -0.230062];
ry = [ry 1.32167];
rx = [rx -0.205756];
ry = [ry 1.32238];
rx = [rx -0.186028];
ry = [ry 1.31951];
rx = [rx -0.276281];
ry = [ry 1.20591];
rx = [rx -0.234377];
ry = [ry 1.22354];
rx = [rx -0.135065];
ry = [ry 1.30563];
rx = [rx -0.121389];
ry = [ry 1.29816];
rx = [rx -0.14274];
ry = [ry 1.25008];
rx = [rx -0.0547198];
ry = [ry 1.33121];
rx = [rx -0.0643534];
ry = [ry 1.29686];
rx = [rx 0.0250874];
ry = [ry 1.38905];
rx = [rx -0.0679347];
ry = [ry 1.24348];
rx = [rx -0.0348253];
ry = [ry 1.26343];
rx = [rx -0.0151769];
ry = [ry 1.26608];
rx = [rx 0.00122778];
ry = [ry 1.26471];
rx = [rx 0.0604064];
ry = [ry 1.3306];
rx = [rx 0.028961];
ry = [ry 1.25529];
rx = [rx 0.047729];
ry = [ry 1.2592];
rx = [rx 0.0764163];
ry = [ry 1.28144];
rx = [rx 0.114147];
ry = [ry 1.32268];
rx = [rx 0.107914];
ry = [ry 1.28408];
rx = [rx 0.0854264];
ry = [ry 1.21022];
rx = [rx 0.137436];
ry = [ry 1.28535];
rx = [rx 0.15768];
ry = [ry 1.29881];
rx = [rx 0.171535];
ry = [ry 1.29948];
rx = [rx 0.189849];
ry = [ry 1.3114];
rx = [rx 0.239278];
ry = [ry 1.4034];
rx = [rx 0.241276];
ry = [ry 1.37983];
rx = [rx 0.248838];
ry = [ry 1.36963];
rx = [rx 0.243447];
ry = [ry 1.32028];
rx = [rx 0.269302];
ry = [ry 1.36354];
rx = [rx 0.270561];
ry = [ry 1.33054];
rx = [rx 0.317387];
ry = [ry 1.45613];
rx = [rx 0.310974];
ry = [ry 1.39653];
rx = [rx 0.337817];
ry = [ry 1.46508];
rx = [rx 0.323376];
ry = [ry 1.36134];
rx = [rx 0.334548];
ry = [ry 1.36376];
rx = [rx 0.358059];
ry = [ry 1.43267];
rx = [rx 0.357612];
ry = [ry 1.37571];
rx = [rx 0.361965];
ry = [ry 1.33724];
rx = [rx 0.385055];
ry = [ry 1.42844];
rx = [rx 0.391069];
ry = [ry 1.40138];
rx = [rx 0.402971];
ry = [ry 1.42454];
rx = [rx 0.415128];
ry = [ry 1.46126];
rx = [rx 0.425267];
ry = [ry 1.48695];
rx = [rx 0.435424];
ry = [ry 1.53284];
rx = [rx 0.44089];
ry = [ry 1.47219];
rx = [rx 0.449057];
ry = [ry 1.46344];
rx = [rx 0.456955];
ry = [ry 1.54892];
rx = [rx 0.465622];
ry = [ry 1.47495];
rx = [rx 0.471456];
ry = [ry 1.53324];
rx = [rx 0.48147];
ry = [ry 1.48542];
rx = [rx 0.477867];
ry = [ry 1.63893];
rx = [rx 0.493185];
ry = [ry 1.5329];
rx = [rx 0.509432];
ry = [ry 1.4523];
rx = [rx 0.50789];
ry = [ry 1.53199];
rx = [rx 0.512429];
ry = [ry 1.5512];
rx = [rx 0.504758];
ry = [ry 1.64064];
rx = [rx 0.518384];
ry = [ry 1.59605];
rx = [rx 0.528088];
ry = [ry 1.57922];
rx = [rx 0.543501];
ry = [ry 1.53931];
rx = [rx 0.526927];
ry = [ry 1.64061];
rx = [rx 0.531047];
ry = [ry 1.64658];
rx = [rx 0.551089];
ry = [ry 1.59392];
rx = [rx 0.562325];
ry = [ry 1.57823];
rx = [rx 0.549793];
ry = [ry 1.64076];
rx = [rx 0.537452];
ry = [ry 1.69568];
rx = [rx 0.527815];
ry = [ry 1.737];
rx = [rx 0.565596];
ry = [ry 1.64623];
rx = [rx 0.565819];
ry = [ry 1.66097];
rx = [rx 0.596671];
ry = [ry 1.59995];
rx = [rx 0.595526];
ry = [ry 1.61906];
rx = [rx 0.543082];
ry = [ry 1.75001];
rx = [rx 0.589559];
ry = [ry 1.66066];
rx = [rx 0.587572];
ry = [ry 1.67707];
rx = [rx 0.525953];
ry = [ry 1.8076];
rx = [rx 0.613499];
ry = [ry 1.65105];
rx = [rx 0.58903];
ry = [ry 1.70649];
rx = [rx 0.561095];
ry = [ry 1.76368];
rx = [rx 0.574429];
ry = [ry 1.74886];
rx = [rx 0.61436];
ry = [ry 1.69333];
rx = [rx 0.624674];
ry = [ry 1.68714];
rx = [rx 0.621784];
ry = [ry 1.70094];
rx = [rx 0.605503];
ry = [ry 1.73284];
rx = [rx 0.636297];
ry = [ry 1.69867];
rx = [rx 0.615021];
ry = [ry 1.73538];
rx = [rx 0.605354];
ry = [ry 1.75504];
rx = [rx 0.569069];
ry = [ry 1.80598];
rx = [rx 0.584486];
ry = [ry 1.7927];
rx = [rx 0.560816];
ry = [ry 1.8249];
rx = [rx 0.587159];
ry = [ry 1.80017];
rx = [rx 0.561543];
ry = [ry 1.83231];
rx = [rx 0.625411];
ry = [ry 1.77087];
rx = [rx 0.514279];
ry = [ry 1.88665];
rx = [rx 0.62373];
ry = [ry 1.78426];
rx = [rx 0.52702];
ry = [ry 1.8789];
rx = [rx 0.631861];
ry = [ry 1.78795];
rx = [rx 0.651292];
ry = [ry 1.77672];
rx = [rx 0.601931];
ry = [ry 1.82351];
rx = [rx 0.632192];
ry = [ry 1.80359];
rx = [rx 0.525421];
ry = [ry 1.89098];
rx = [rx 0.663579];
ry = [ry 1.79013];
rx = [rx 0.563613];
ry = [ry 1.86743];
rx = [rx 0.623329];
ry = [ry 1.829];
rx = [rx 0.519705];
ry = [ry 1.90229];
rx = [rx 0.582174];
ry = [ry 1.86388];
rx = [rx 0.615008];
ry = [ry 1.84675];
rx = [rx 0.62807];
ry = [ry 1.84283];
rx = [rx 0.575274];
ry = [ry 1.87694];
rx = [rx 0.634818];
ry = [ry 1.84716];
rx = [rx 0.570807];
ry = [ry 1.88475];
rx = [rx 0.65094];
ry = [ry 1.84709];
rx = [rx 0.66341];
ry = [ry 1.84536];
rx = [rx 0.678286];
ry = [ry 1.84298];
rx = [rx 0.619278];
ry = [ry 1.87352];
rx = [rx 0.615914];
ry = [ry 1.87832];
rx = [rx 0.599664];
ry = [ry 1.88806];
rx = [rx 0.625835];
ry = [ry 1.8811];
rx = [rx 0.663479];
ry = [ry 1.87105];
rx = [rx 0.587322];
ry = [ry 1.90085];
rx = [rx 0.548711];
ry = [ry 1.9157];
rx = [rx 0.676571];
ry = [ry 1.87926];
rx = [rx 0.629203];
ry = [ry 1.89673];
rx = [rx 0.607153];
ry = [ry 1.90576];
rx = [rx 0.607765];
ry = [ry 1.90845];
rx = [rx 0.647547];
ry = [ry 1.90234];
rx = [rx 0.601378];
ry = [ry 1.91539];
rx = [rx 0.562841];
ry = [ry 1.9253];
rx = [rx 0.633638];
ry = [ry 1.91521];
rx = [rx 0.61674];
ry = [ry 1.92098];
rx = [rx 0.603341];
ry = [ry 1.92567];
rx = [rx 0.642057];
ry = [ry 1.9238];
rx = [rx 0.611991];
ry = [ry 1.93008];
rx = [rx 0.523045];
ry = [ry 1.94009];
rx = [rx 0.648762];
ry = [ry 1.93327];
rx = [rx 0.535817];
ry = [ry 1.9419];
rx = [rx 0.58874];
ry = [ry 1.94179];
rx = [rx 0.653748];
ry = [ry 1.9434];
rx = [rx 0.639506];
ry = [ry 1.94679];
rx = [rx 0.63662];
ry = [ry 1.94995];
rx = [rx 0.616349];
ry = [ry 1.9523];
rx = [rx 0.605032];
ry = [ry 1.95447];
rx = [rx 0.543936];
ry = [ry 1.95246];
rx = [rx 0.535433];
ry = [ry 1.95324];
rx = [rx 0.56567];
ry = [ry 1.95803];
rx = [rx 0.479074];
ry = [ry 1.94883];
rx = [rx 0.612648];
ry = [ry 1.96886];
rx = [rx 0.516854];
ry = [ry 1.95592];
rx = [rx 0.571069];
ry = [ry 1.96694];
rx = [rx 0.612861];
ry = [ry 1.97744];
rx = [rx 0.539246];
ry = [ry 1.96421];
rx = [rx 0.573227];
ry = [ry 1.97382];
rx = [rx 0.58625];
ry = [ry 1.97935];
rx = [rx 0.639758];
ry = [ry 1.9965];
rx = [rx 0.62102];
ry = [ry 1.9945];
rx = [rx 0.621044];
ry = [ry 1.99768];
rx = [rx 0.56843];
ry = [ry 1.98343];
rx = [rx 0.58868];
ry = [ry 1.99276];
