rx = [];
ry = [];
rx = [rx -0.465589];
ry = [ry 1.70255];
rx = [rx -0.451389];
ry = [ry 1.68851];
rx = [rx -0.445903];
ry = [ry 1.67076];
rx = [rx -0.393542];
ry = [ry 1.67533];
rx = [rx -0.529875];
ry = [ry 1.58755];
rx = [rx -0.449955];
ry = [ry 1.60622];
rx = [rx -0.510552];
ry = [ry 1.55161];
rx = [rx -0.379077];
ry = [ry 1.60269];
rx = [rx -0.36036];
ry = [ry 1.59288];
rx = [rx -0.372701];
ry = [ry 1.56446];
rx = [rx -0.317534];
ry = [ry 1.57808];
rx = [rx -0.373092];
ry = [ry 1.52053];
rx = [rx -0.353434];
ry = [ry 1.51146];
rx = [rx -0.409327];
ry = [ry 1.44888];
rx = [rx -0.382317];
ry = [ry 1.44419];
rx = [rx -0.364208];
ry = [ry 1.4335];
rx = [rx -0.36106];
ry = [ry 1.41123];
rx = [rx -0.381742];
ry = [ry 1.36877];
rx = [rx -0.278644];
ry = [ry 1.43022];
rx = [rx -0.362689];
ry = [ry 1.33136];
rx = [rx -0.307379];
ry = [ry 1.35431];
rx = [rx -0.379462];
ry = [ry 1.25888];
rx = [rx -0.29716];
ry = [ry 1.30963];
rx = [rx -0.274836];
ry = [ry 1.30395];
rx = [rx -0.288319];
ry = [ry 1.26106];
rx = [rx -0.276665];
ry = [ry 1.24356];
rx = [rx -0.24859];
ry = [ry 1.24438];
rx = [rx -0.242345];
ry = [ry 1.22063];
rx = [rx -0.240436];
ry = [ry 1.19085];
rx = [rx -0.214956];
ry = [ry 1.18952];
rx = [rx -0.0630473];
ry = [ry 1.35408];
rx = [rx -0.116172];
ry = [ry 1.2542];
rx = [rx -0.0863977];
ry = [ry 1.26399];
rx = [rx -0.0399767];
ry = [ry 1.29961];
rx = [rx -0.0359396];
ry = [ry 1.2746];
rx = [rx -0.0206956];
ry = [ry 1.266];
rx = [rx -0.031399];
ry = [ry 1.21505];
rx = [rx 0.0401557];
ry = [ry 1.30062];
rx = [rx -0.00284803];
ry = [ry 1.19114];
rx = [rx 0.120075];
ry = [ry 1.3793];
rx = [rx 0.0420463];
ry = [ry 1.19766];
rx = [rx 0.091966];
ry = [ry 1.2577];
rx = [rx 0.12796];
ry = [ry 1.29466];
rx = [rx 0.136076];
ry = [ry 1.27443];
rx = [rx 0.130125];
ry = [ry 1.22046];
rx = [rx 0.149957];
ry = [ry 1.22414];
rx = [rx 0.1773];
ry = [ry 1.24797];
rx = [rx 0.198794];
ry = [ry 1.25934];
rx = [rx 0.217766];
ry = [ry 1.26547];
rx = [rx 0.186933];
ry = [ry 1.12369];
rx = [rx 0.216749];
ry = [ry 1.15801];
rx = [rx 0.269618];
ry = [ry 1.27552];
rx = [rx 0.28519];
ry = [ry 1.27485];
rx = [rx 0.287257];
ry = [ry 1.22228];
rx = [rx 0.330422];
ry = [ry 1.33393];
rx = [rx 0.33694];
ry = [ry 1.29886];
rx = [rx 0.376497];
ry = [ry 1.42106];
rx = [rx 0.357293];
ry = [ry 1.24938];
rx = [rx 0.378194];
ry = [ry 1.2819];
rx = [rx 0.394651];
ry = [ry 1.29295];
rx = [rx 0.409978];
ry = [ry 1.29896];
rx = [rx 0.433991];
ry = [ry 1.38421];
rx = [rx 0.43902];
ry = [ry 1.30275];
rx = [rx 0.454135];
ry = [ry 1.31454];
rx = [rx 0.470057];
ry = [ry 1.34717];
rx = [rx 0.485709];
ry = [ry 1.40082];
rx = [rx 0.497153];
ry = [ry 1.36344];
rx = [rx 0.509583];
ry = [ry 1.28724];
rx = [rx 0.523085];
ry = [ry 1.37761];
rx = [rx 0.535307];
ry = [ry 1.39862];
rx = [rx 0.547442];
ry = [ry 1.40534];
rx = [rx 0.558614];
ry = [ry 1.42412];
rx = [rx 0.56235];
ry = [ry 1.52849];
rx = [rx 0.574548];
ry = [ry 1.50823];
rx = [rx 0.585838];
ry = [ry 1.50241];
rx = [rx 0.602786];
ry = [ry 1.45575];
rx = [rx 0.606888];
ry = [ry 1.50598];
rx = [rx 0.622584];
ry = [ry 1.47693];
rx = [rx 0.609156];
ry = [ry 1.61029];
rx = [rx 0.629715];
ry = [ry 1.55398];
rx = [rx 0.62354];
ry = [ry 1.62734];
rx = [rx 0.656379];
ry = [ry 1.52788];
rx = [rx 0.665332];
ry = [ry 1.53499];
rx = [rx 0.65601];
ry = [ry 1.60719];
rx = [rx 0.680754];
ry = [ry 1.55589];
rx = [rx 0.701641];
ry = [ry 1.5233];
rx = [rx 0.6821];
ry = [ry 1.61532];
rx = [rx 0.699441];
ry = [ry 1.59369];
rx = [rx 0.699898];
ry = [ry 1.61972];
rx = [rx 0.694596];
ry = [ry 1.65804];
rx = [rx 0.692352];
ry = [ry 1.68557];
rx = [rx 0.681207];
ry = [ry 1.73123];
rx = [rx 0.712884];
ry = [ry 1.67922];
rx = [rx 0.724078];
ry = [ry 1.67497];
rx = [rx 0.693426];
ry = [ry 1.75517];
rx = [rx 0.733861];
ry = [ry 1.69261];
rx = [rx 0.713362];
ry = [ry 1.74749];
rx = [rx 0.743459];
ry = [ry 1.709];
rx = [rx 0.672456];
ry = [ry 1.84516];
rx = [rx 0.733009];
ry = [ry 1.75678];
rx = [rx 0.783167];
ry = [ry 1.69163];
rx = [rx 0.746602];
ry = [ry 1.76246];
rx = [rx 0.742197];
ry = [ry 1.7817];
rx = [rx 0.695832];
ry = [ry 1.85856];
rx = [rx 0.727741];
ry = [ry 1.82457];
rx = [rx 0.743878];
ry = [ry 1.81375];
rx = [rx 0.775324];
ry = [ry 1.78475];
rx = [rx 0.715736];
ry = [ry 1.86832];
rx = [rx 0.716796];
ry = [ry 1.8755];
rx = [rx 0.758027];
ry = [ry 1.8371];
rx = [rx 0.775034];
ry = [ry 1.82798];
rx = [rx 0.736186];
ry = [ry 1.87855];
rx = [rx 0.700869];
ry = [ry 1.92238];
rx = [rx 0.673981];
ry = [ry 1.9552];
rx = [rx 0.747953];
ry = [ry 1.89043];
rx = [rx 0.741647];
ry = [ry 1.90376];
rx = [rx 0.796265];
ry = [ry 1.86263];
rx = [rx 0.7868];
ry = [ry 1.87927];
rx = [rx 0.681934];
ry = [ry 1.97362];
rx = [rx 0.763083];
ry = [ry 1.91396];
rx = [rx 0.754055];
ry = [ry 1.92781];
rx = [rx 0.641144];
ry = [ry 2.01773];
rx = [rx 0.788808];
ry = [ry 1.91591];
rx = [rx 0.742378];
ry = [ry 1.95485];
rx = [rx 0.692065];
ry = [ry 1.99383];
rx = [rx 0.710569];
ry = [ry 1.98643];
rx = [rx 0.770914];
ry = [ry 1.95423];
rx = [rx 0.7829];
ry = [ry 1.95323];
rx = [rx 0.774214];
ry = [ry 1.96433];
rx = [rx 0.745526];
ry = [ry 1.98577];
rx = [rx 0.788239];
ry = [ry 1.9687];
rx = [rx 0.752946];
ry = [ry 1.99224];
rx = [rx 0.735592];
ry = [ry 2.00562];
rx = [rx 0.680544];
ry = [ry 2.03531];
rx = [rx 0.700239];
ry = [ry 2.0302];
rx = [rx 0.664785];
ry = [ry 2.04865];
rx = [rx 0.699342];
ry = [ry 2.03808];
rx = [rx 0.662168];
ry = [ry 2.05562];
rx = [rx 0.746601];
ry = [ry 2.02868];
rx = [rx 0.595769];
ry = [ry 2.08351];
rx = [rx 0.739181];
ry = [ry 2.03995];
rx = [rx 0.610624];
ry = [ry 2.08218];
rx = [rx 0.744848];
ry = [ry 2.04685];
rx = [rx 0.767238];
ry = [ry 2.04536];
rx = [rx 0.702292];
ry = [ry 2.06555];
rx = [rx 0.738241];
ry = [ry 2.06103];
rx = [rx 0.603856];
ry = [ry 2.09231];
rx = [rx 0.772345];
ry = [ry 2.06281];
rx = [rx 0.648522];
ry = [ry 2.08804];
rx = [rx 0.719068];
ry = [ry 2.07992];
rx = [rx 0.593736];
ry = [ry 2.09993];
rx = [rx 0.666743];
ry = [ry 2.09305];
rx = [rx 0.703769];
ry = [ry 2.09217];
rx = [rx 0.717218];
ry = [ry 2.09442];
rx = [rx 0.654788];
ry = [ry 2.10172];
rx = [rx 0.721359];
ry = [ry 2.10129];
rx = [rx 0.647331];
ry = [ry 2.10676];
rx = [rx 0.735856];
ry = [ry 2.10834];
rx = [rx 0.747811];
ry = [ry 2.11229];
rx = [rx 0.762209];
ry = [ry 2.11673];
rx = [rx 0.695782];
ry = [ry 2.11808];
rx = [rx 0.690643];
ry = [ry 2.1209];
rx = [rx 0.671765];
ry = [ry 2.12246];
rx = [rx 0.698316];
ry = [ry 2.12778];
rx = [rx 0.736531];
ry = [ry 2.13538];
rx = [rx 0.655044];
ry = [ry 2.12849];
rx = [rx 0.613842];
ry = [ry 2.12477];
rx = [rx 0.744657];
ry = [ry 2.14852];
rx = [rx 0.694441];
ry = [ry 2.14328];
rx = [rx 0.670667];
ry = [ry 2.14166];
rx = [rx 0.670031];
ry = [ry 2.14434];
rx = [rx 0.708423];
ry = [ry 2.15642];
rx = [rx 0.661238];
ry = [ry 2.14774];
rx = [rx 0.622284];
ry = [ry 2.13962];
rx = [rx 0.690263];
ry = [ry 2.16182];
rx = [rx 0.67255];
ry = [ry 2.15955];
rx = [rx 0.658457];
ry = [ry 2.15784];
rx = [rx 0.694025];
ry = [ry 2.17325];
rx = [rx 0.664272];
ry = [ry 2.16561];
rx = [rx 0.580044];
ry = [ry 2.13533];
rx = [rx 0.69586];
ry = [ry 2.18471];
rx = [rx 0.590706];
ry = [ry 2.14259];
rx = [rx 0.63824];
ry = [ry 2.16586];
rx = [rx 0.695862];
ry = [ry 2.196];
rx = [rx 0.681586];
ry = [ry 2.19275];
rx = [rx 0.677601];
ry = [ry 2.19431];
rx = [rx 0.658375];
ry = [ry 2.18747];
rx = [rx 0.647263];
ry = [ry 2.18442];
rx = [rx 0.593329];
ry = [ry 2.15565];
rx = [rx 0.585357];
ry = [ry 2.15259];
rx = [rx 0.610373];
ry = [ry 2.17024];
rx = [rx 0.536733];
ry = [ry 2.12376];
rx = [rx 0.647741];
ry = [ry 2.2007];
rx = [rx 0.567501];
ry = [ry 2.1468];
rx = [rx 0.611283];
ry = [ry 2.18062];
rx = [rx 0.644148];
ry = [ry 2.20849];
rx = [rx 0.583935];
ry = [ry 2.16412];
rx = [rx 0.61018];
ry = [ry 2.18775];
rx = [rx 0.619424];
ry = [ry 2.19846];
rx = [rx 0.659867];
ry = [ry 2.23747];
rx = [rx 0.643938];
ry = [ry 2.2274];
rx = [rx 0.642556];
ry = [ry 2.23026];
rx = [rx 0.601634];
ry = [ry 2.19426];
rx = [rx 0.615684];
ry = [ry 2.21157];
rx = [rx 0.613062];
