rx = [];
ry = [];
rx = [rx -0.755015];
ry = [ry 2.3066];
rx = [rx -0.751149];
ry = [ry 2.287];
rx = [rx -0.756567];
ry = [ry 2.26924];
rx = [rx -0.710669];
ry = [ry 2.24363];
rx = [rx -0.872768];
ry = [ry 2.24751];
rx = [rx -0.796147];
ry = [ry 2.2181];
rx = [rx -0.87695];
ry = [ry 2.20692];
rx = [rx -0.739473];
ry = [ry 2.17539];
rx = [rx -0.729486];
ry = [ry 2.15677];
rx = [rx -0.755651];
ry = [ry 2.14017];
rx = [rx -0.702353];
ry = [ry 2.12048];
rx = [rx -0.780633];
ry = [ry 2.10404];
rx = [rx -0.769456];
ry = [ry 2.08549];
rx = [rx -0.85084];
ry = [ry 2.06508];
rx = [rx -0.831118];
ry = [ry 2.04604];
rx = [rx -0.822134];
ry = [ry 2.02702];
rx = [rx -0.832028];
ry = [ry 2.00682];
rx = [rx -0.872977];
ry = [ry 1.98329];
rx = [rx -0.753159];
ry = [ry 1.97628];
rx = [rx -0.878208];
ry = [ry 1.94164];
rx = [rx -0.819553];
ry = [ry 1.92958];
rx = [rx -0.932771];
ry = [ry 1.89107];
rx = [rx -0.836172];
ry = [ry 1.88687];
rx = [rx -0.820886];
ry = [ry 1.86964];
rx = [rx -0.856118];
ry = [ry 1.84171];
rx = [rx -0.856297];
ry = [ry 1.82068];
rx = [rx -0.832601];
ry = [ry 1.80561];
rx = [rx -0.84076];
ry = [ry 1.78245];
rx = [rx -0.855898];
ry = [ry 1.75673];
rx = [rx -0.835555];
ry = [ry 1.74133];
rx = [rx -0.617468];
ry = [ry 1.79225];
rx = [rx -0.717499];
ry = [ry 1.7394];
rx = [rx -0.68736];
ry = [ry 1.7308];
rx = [rx -0.628951];
ry = [ry 1.73422];
rx = [rx -0.639646];
ry = [ry 1.71125];
rx = [rx -0.631856];
ry = [ry 1.69558];
rx = [rx -0.669314];
ry = [ry 1.65942];
rx = [rx -0.562066];
ry = [ry 1.69007];
rx = [rx -0.659106];
ry = [ry 1.62361];
rx = [rx -0.451756];
ry = [ry 1.71034];
rx = [rx -0.618291];
ry = [ry 1.60381];
rx = [rx -0.543277];
ry = [ry 1.62547];
rx = [rx -0.492744];
ry = [ry 1.63585];
rx = [rx -0.497381];
ry = [ry 1.61456];
rx = [rx -0.532598];
ry = [ry 1.57324];
rx = [rx -0.514122];
ry = [ry 1.56515];
rx = [rx -0.478117];
ry = [ry 1.56952];
rx = [rx -0.453946];
ry = [ry 1.56686];
rx = [rx -0.434805];
ry = [ry 1.56129];
rx = [rx -0.539901];
ry = [ry 1.46126];
rx = [rx -0.495962];
ry = [ry 1.47293];
rx = [rx -0.386251];
ry = [ry 1.5405];
rx = [rx -0.373739];
ry = [ry 1.53121];
rx = [rx -0.401535];
ry = [ry 1.48654];
rx = [rx -0.303141];
ry = [ry 1.55471];
rx = [rx -0.317432];
ry = [ry 1.52203];
rx = [rx -0.216101];
ry = [ry 1.60096];
rx = [rx -0.328361];
ry = [ry 1.46966];
rx = [rx -0.292811];
ry = [ry 1.48484];
rx = [rx -0.272984];
ry = [ry 1.48475];
rx = [rx -0.256927];
ry = [ry 1.48112];
rx = [rx -0.189205];
ry = [ry 1.53819];
rx = [rx -0.230763];
ry = [ry 1.46796];
rx = [rx -0.211635];
ry = [ry 1.46923];
rx = [rx -0.180147];
ry = [ry 1.48729];
rx = [rx -0.137076];
ry = [ry 1.52291];
rx = [rx -0.148587];
ry = [ry 1.48555];
rx = [rx -0.181073];
ry = [ry 1.41551];
rx = [rx -0.119173];
ry = [ry 1.48272];
rx = [rx -0.0972623];
ry = [ry 1.49325];
rx = [rx -0.0834478];
ry = [ry 1.492];
rx = [rx -0.0636615];
ry = [ry 1.50127];
rx = [rx -0.00198371];
ry = [ry 1.58556];
rx = [rx -0.00326505];
ry = [ry 1.56194];
rx = [rx 0.00281333];
ry = [ry 1.55078];
rx = [rx -0.00935056];
ry = [ry 1.50266];
rx = [rx 0.0222382];
ry = [ry 1.54192];
rx = [rx 0.0189224];
ry = [ry 1.50907];
rx = [rx 0.0826675];
ry = [ry 1.62698];
rx = [rx 0.0680726];
ry = [ry 1.56884];
rx = [rx 0.104139];
ry = [ry 1.63301];
rx = [rx 0.0754886];
ry = [ry 1.53227];
rx = [rx 0.086889];
ry = [ry 1.53313];
rx = [rx 0.119703];
ry = [ry 1.59812];
rx = [rx 0.111384];
ry = [ry 1.54177];
rx = [rx 0.110376];
ry = [ry 1.50307];
rx = [rx 0.145855];
ry = [ry 1.59019];
rx = [rx 0.148069];
ry = [ry 1.56256];
rx = [rx 0.163059];
ry = [ry 1.58385];
rx = [rx 0.180178];
ry = [ry 1.61854];
rx = [rx 0.193773];
ry = [ry 1.64258];
rx = [rx 0.210178];
ry = [ry 1.68663];
rx = [rx 0.207205];
ry = [ry 1.62581];
rx = [rx 0.214083];
ry = [ry 1.616];
rx = [rx 0.233727];
ry = [ry 1.69958];
rx = [rx 0.23208];
ry = [ry 1.62511];
rx = [rx 0.245919];
ry = [ry 1.68204];
rx = [rx 0.249223];
ry = [ry 1.63329];
rx = [rx 0.266886];
ry = [ry 1.78583];
rx = [rx 0.267393];
ry = [ry 1.6787];
rx = [rx 0.272336];
ry = [ry 1.59663];
rx = [rx 0.281831];
ry = [ry 1.67577];
rx = [rx 0.288983];
ry = [ry 1.69416];
rx = [rx 0.293754];
ry = [ry 1.7838];
rx = [rx 0.301083];
ry = [ry 1.73775];
rx = [rx 0.308366];
ry = [ry 1.71974];
rx = [rx 0.318112];
ry = [ry 1.67809];
rx = [rx 0.315707];
ry = [ry 1.78071];
rx = [rx 0.320613];
ry = [ry 1.78605];
rx = [rx 0.333179];
ry = [ry 1.73112];
rx = [rx 0.342137];
ry = [ry 1.71403];
rx = [rx 0.338373];
ry = [ry 1.77769];
rx = [rx 0.333747];
ry = [ry 1.83379];
rx = [rx 0.329916];
ry = [ry 1.87605];
rx = [rx 0.354781];
ry = [ry 1.78092];
rx = [rx 0.35704];
ry = [ry 1.79549];
rx = [rx 0.379157];
ry = [ry 1.73079];
rx = [rx 0.380667];
ry = [ry 1.74988];
rx = [rx 0.346837];
ry = [ry 1.88682];
rx = [rx 0.380509];
ry = [ry 1.7919];
rx = [rx 0.380812];
ry = [ry 1.80843];
rx = [rx 0.337836];
ry = [ry 1.94622];
rx = [rx 0.40289];
ry = [ry 1.77907];
rx = [rx 0.386323];
ry = [ry 1.83736];
rx = [rx 0.366566];
ry = [ry 1.89786];
rx = [rx 0.377723];
ry = [ry 1.88135];
rx = [rx 0.409591];
ry = [ry 1.82083];
rx = [rx 0.418949];
ry = [ry 1.81327];
rx = [rx 0.417996];
ry = [ry 1.82734];
rx = [rx 0.406283];
ry = [ry 1.86118];
rx = [rx 0.432056];
ry = [ry 1.82309];
rx = [rx 0.41606];
ry = [ry 1.86238];
rx = [rx 0.409204];
ry = [ry 1.88319];
rx = [rx 0.380314];
ry = [ry 1.93866];
rx = [rx 0.393747];
ry = [ry 1.92338];
rx = [rx 0.374757];
ry = [ry 1.95854];
rx = [rx 0.397426];
ry = [ry 1.9304];
rx = [rx 0.376502];
ry = [ry 1.96578];
rx = [rx 0.431258];
ry = [ry 1.89609];
rx = [rx 0.337207];
ry = [ry 2.02613];
rx = [rx 0.431446];
ry = [ry 1.90959];
rx = [rx 0.348753];
ry = [ry 2.01669];
rx = [rx 0.440009];
ry = [ry 1.91212];
rx = [rx 0.4577];
ry = [ry 1.89831];
rx = [rx 0.415285];
ry = [ry 1.95148];
rx = [rx 0.442499];
ry = [ry 1.92756];
rx = [rx 0.34884];
ry = [ry 2.02888];
rx = [rx 0.471723];
ry = [ry 1.90989];
rx = [rx 0.383408];
ry = [ry 2.00027];
rx = [rx 0.437236];
ry = [ry 1.95396];
rx = [rx 0.344743];
ry = [ry 2.04087];
rx = [rx 0.4013];
ry = [ry 1.99419];
rx = [rx 0.431449];
ry = [ry 1.97268];
rx = [rx 0.443844];
ry = [ry 1.96699];
rx = [rx 0.396272];
ry = [ry 2.00808];
rx = [rx 0.451126];
ry = [ry 1.97035];
rx = [rx 0.392929];
ry = [ry 2.01643];
rx = [rx 0.467084];
ry = [ry 1.96806];
rx = [rx 0.479194];
ry = [ry 1.96461];
rx = [rx 0.493599];
ry = [ry 1.9602];
rx = [rx 0.43938];
ry = [ry 1.9986];
rx = [rx 0.436714];
ry = [ry 2.00383];
rx = [rx 0.421966];
ry = [ry 2.01571];
rx = [rx 0.446924];
ry = [ry 2.00521];
rx = [rx 0.482816];
ry = [ry 1.99005];
rx = [rx 0.411511];
ry = [ry 2.03009];
rx = [rx 0.375326];
ry = [ry 2.05014];
rx = [rx 0.496917];
ry = [ry 1.99636];
rx = [rx 0.45242];
ry = [ry 2.02022];
rx = [rx 0.431832];
ry = [ry 2.03222];
rx = [rx 0.432809];
ry = [ry 2.03479];
rx = [rx 0.471364];
ry = [ry 2.02324];
rx = [rx 0.427443];
ry = [ry 2.04254];
rx = [rx 0.390647];
ry = [ry 2.05769];
rx = [rx 0.459368];
ry = [ry 2.03791];
rx = [rx 0.443432];
ry = [ry 2.04596];
rx = [rx 0.430809];
ry = [ry 2.05246];
rx = [rx 0.468894];
ry = [ry 2.04525];
rx = [rx 0.439986];
ry = [ry 2.05563];
rx = [rx 0.353279];
ry = [ry 2.07785];
rx = [rx 0.476844];
ry = [ry 2.0537];
rx = [rx 0.366179];
ry = [ry 2.07787];
rx = [rx 0.418579];
ry = [ry 2.07045];
rx = [rx 0.483183];
ry = [ry 2.06304];
rx = [rx 0.469547];
ry = [ry 2.06837];
rx = [rx 0.467126];
ry = [ry 2.0719];
rx = [rx 0.447375];
ry = [ry 2.07703];
rx = [rx 0.436466];
ry = [ry 2.08075];
rx = [rx 0.37568];
ry = [ry 2.08721];
rx = [rx 0.367367];
ry = [ry 2.08915];
rx = [rx 0.397975];
ry = [ry 2.08971];
rx = [rx 0.310939];
ry = [ry 2.09258];
rx = [rx 0.446001];
ry = [ry 2.09395];
rx = [rx 0.349337];
ry = [ry 2.09438];
rx = [rx 0.404556];
ry = [ry 2.0978];
rx = [rx 0.447397];
ry = [ry 2.10241];
rx = [rx 0.37266];
ry = [ry 2.09949];
rx = [rx 0.407644];
ry = [ry 2.10432];
rx = [rx 0.421306];
ry = [ry 2.10799];
rx = [rx 0.476671];
ry = [ry 2.11757];
rx = [rx 0.457837];
ry = [ry 2.11818];
rx = [rx 0.458301];
ry = [ry 2.12132];
rx = [rx 0.404223];
ry = [ry 2.1145];
