s2 = [...
1.557468056678772,
1.5684983730316162,
1.5802223682403564,
1.5908690690994263,
1.6040462255477905,
1.616041660308838,
1.6287381649017334,
1.642191767692566,
1.656464695930481,
1.6690340042114258,
1.684992790222168,
1.6990779638290405,
1.7139341831207275,
1.7296191453933716,
1.7461966276168823,
1.763736605644226,
1.778512954711914,
1.7979841232299805,
1.8144190311431885,
1.8361196517944336,
1.8544745445251465,
1.8737807273864746,
1.8941057920455933,
1.9155235290527344,
1.9381153583526611,
1.9619698524475098,
1.973105788230896,
1.9557874202728271,
1.9386320114135742,
1.9258776903152466,
1.9090287685394287,
1.8965142965316772,
1.8841099739074707,
1.8677481412887573,
1.8556153774261475,
1.843606948852539,
1.831726312637329,
1.8199788331985474,
1.808368444442749,
1.796900749206543,
1.7855802774429321,
1.7744125127792358,
1.763401985168457,
1.756151795387268,
1.7454155683517456,
1.7348517179489136,
1.7279067039489746,
1.7176413536071777,
1.7075625658035278,
1.7009503841400146,
1.6911962032318115,
1.6848055124282837,
1.6753922700881958,
1.6692348718643188,
1.660179853439331,
1.654266595840454,
1.6484545469284058,
1.6399301290512085,
1.6343790292739868,
1.62893545627594,
1.620976448059082,
1.6158108711242676,
1.6107596158981323,
1.6058247089385986,
1.6010081768035889,
1.5940097570419312,
1.5894979238510132,
1.585111141204834,
1.5808515548706055,
1.576721429824829,
1.57272207736969,
1.5688560009002686,
1.5651248693466187,
1.561530590057373,
1.558075189590454,
1.554760217666626,
1.5515881776809692,
1.548560619354248,
1.5456792116165161,
1.5429458618164062,
1.5403627157211304,
1.537931203842163,
1.5356531143188477,
1.5335302352905273,
1.5315645933151245,
1.5297572612762451,
1.5281099081039429,
1.5266244411468506,
1.5253022909164429,
1.524703025817871,
1.523628830909729,
1.5227216482162476,
1.5219827890396118,
1.5214136838912964,
1.5210158824920654,
1.5207905769348145,
1.5207428932189941,
1.5207781791687012,
1.5209887027740479,
1.5213758945465088,
1.5219404697418213,
1.5222896337509155,
1.5231220722198486,
1.5241342782974243,
1.5253270864486694,
1.5267014503479004,
1.5282578468322754,
1.529104471206665,
1.5309351682662964,
1.5329492092132568,
1.5351474285125732,
1.5375304222106934,
1.5400981903076172,
1.5414514541625977,
1.5442970991134644,
1.5473285913467407,
1.550545573234558,
1.5539485216140747,
1.5557197332382202,
1.5594018697738647,
1.5632696151733398,
1.5673233270645142,
1.5715622901916504,
1.5759872198104858,
1.5805970430374146,
1.582971215248108,
1.5878585577011108,
1.592929720878601,
1.5981850624084473,
1.603623628616333,
1.6092453002929688,
1.615048885345459,
1.6210341453552246,
1.6272006034851074,
1.633547067642212,
1.6400730609893799,
1.6467777490615845,
1.6536604166030884,
1.6607199907302856,
1.6679558753967285,
1.6753668785095215,
1.6829524040222168,
1.6907106637954712,
1.6986415386199951,
1.7067433595657349,
1.7150156497955322,
1.723456621170044,
1.73206627368927,
1.7408422231674194,
1.754317045211792,
1.7635055780410767,
1.7728568315505981,
1.7823700904846191,
1.7920433282852173,
1.8068522214889526,
1.8169218301773071,
1.8271477222442627,
1.8427772521972656,
1.853388786315918,
1.8641525506973267,
1.8805803060531616,
1.8917187452316284,
1.9087038040161133,
1.920209527015686,
1.9377394914627075,
1.9496053457260132,
1.9676697254180908,
1.9860494136810303,
1.9984757900238037,
2.0173723697662354,
2.036573648452759,
2.049542188644409,
2.0692436695098877,
2.089240312576294,
2.1095283031463623,
2.1301043033599854,
2.1509647369384766,
2.1721060276031494,
2.1935253143310547,
2.215219259262085,
2.2371842861175537,
2.2668874263763428,
2.289473533630371,
2.312321186065674,
2.343186378479004,
2.3666324615478516,
2.3982856273651123,
2.4303815364837646,
2.454739570617676,
2.4875948429107666,
2.520876884460449,
2.554579734802246,
2.5886991024017334,
2.623230457305908,
2.6581685543060303,
2.702406883239746,
2.738245964050293,
2.783597230911255,
2.8203165531158447,
2.866758108139038,
2.9137954711914062,
2.961423873901367,
3.0096383094787598,
3.058432102203369,
3.1177446842193604,
3.1678006649017334,
3.2286150455474854,
3.290241003036499,
3.352672576904297,
3.415905714035034,
3.490685224533081,
3.555643081665039,
3.632427453994751,
3.7215659618377686,
3.803750991821289,
3.893004894256592,
3.975827217102051,
4.080774307250977,
4.178762435913086,
4.28514289855957,
4.401005744934082,
4.5276360511779785,
4.642476558685303,
4.7930192947387695,
4.930527687072754,
5.080552101135254,
5.244832992553711,
5.425446510314941,
5.624889373779297,
5.800008773803711,
6.04141902923584,
6.255295276641846,
8.84294605255127,
8.820890426635742,
8.799253463745117,
8.778077125549316,
8.757399559020996,
8.737260818481445,
8.717702865600586,
8.703446388244629,
8.685020446777344,
8.667312622070312,
8.654531478881836,
8.63820743560791,
8.626530647277832,
8.615371704101562,
8.60134220123291,
8.591495513916016,
8.582260131835938,
8.573668479919434,
8.565750122070312,
8.55854320526123,
8.552079200744629,
8.546396255493164,
8.541533470153809,
8.537528038024902,
8.535356521606445,
8.53287410736084,
8.531363487243652,
8.530920028686523,
6.971296310424805,
5.432048797607422,
4.727809906005859,
3.9505462646484375,
3.556283950805664,
3.088693141937256,
2.8372461795806885,
2.5255184173583984,
2.351465940475464,
2.198690891265869,
2.0016605854034424,
1.8877805471420288,
1.78543221950531,
1.650011658668518,
1.5699223279953003,
1.496772289276123,
1.4297122955322266,
1.3680264949798584,
1.2842702865600586,
1.2472152709960938,
1.2499533891677856,
1.2528330087661743,
1.2558581829071045,
1.2590324878692627,
1.2623600959777832,
1.2658449411392212,
1.2694913148880005,
1.2733033895492554,
1.2772855758666992,
1.2814422845840454,
1.2857781648635864,
1.290297508239746,
1.295005440711975,
1.2999067306518555,
1.3050057888031006,
8.617094039916992,
8.404778480529785,
8.202561378479004,
8.009806632995605,
7.825926780700684,
7.650378704071045,
7.4826741218566895,
7.401618957519531,
7.244831085205078,
7.0948076248168945,
6.951173782348633,
6.813580513000488,
6.681704998016357,
6.555246829986572,
6.493959426879883,
6.3751068115234375,
6.2610063552856445,
6.151422023773193,
6.0461320877075195,
5.995034217834473,
5.8958048820495605,
5.800380229949951,
5.708583831787109,
5.6202473640441895,
5.535218238830566,
5.493896961212158,
5.413553714752197,
5.336164951324463,
5.261603832244873,
5.189749240875244,
5.120490074157715,
5.086798191070557,
5.021228790283203,
4.95799446105957,
4.85636043548584,
4.798006057739258,
4.769602298736572,
4.714291572570801,
4.660910129547119,
4.609385013580322,
4.559645175933838,
4.511621952056885,
4.465251445770264,
4.4426655769348145,
4.3986592292785645,
4.3561553955078125,
4.315101146697998,
4.275441646575928,
4.237127780914307,
4.20011043548584,
4.164344787597656,
4.129785537719727,
4.096390724182129,
4.0641188621521,
4.032931327819824,
4.002790451049805,
3.973660469055176,
3.9455058574676514,
3.918294906616211,
3.8919942378997803,
3.8665738105773926,
3.842003107070923,
3.818253755569458,
3.7952990531921387,
3.7731118202209473,
3.7516672611236572,
3.730940341949463,
3.701144218444824,
3.6821095943450928,
3.6637139320373535,
3.6459360122680664,
3.628755569458008,
3.6040637493133545,
3.58829402923584,
3.5730574131011963,
3.551163911819458,
3.5371851921081543,
3.523682117462158,
3.5042853355407715,
3.491905450820923,
3.4741263389587402,
3.462782621383667,
3.4464962482452393,
3.4361085891723633,
3.42120099067688,
3.4070687294006348,
3.3980610370635986,
3.3851420879364014,
3.372905969619751,
3.3651134967803955,
3.3539466857910156,
3.3433823585510254,
3.333392858505249,
3.323951005935669,
3.3150322437286377,
3.306612491607666,
3.2986690998077393,
3.2911806106567383,
3.284125328063965,
3.275359630584717,
3.2692415714263916,
3.263495445251465,
3.256383180618286,
3.2514398097991943,
3.24534273147583,
3.2397775650024414,
3.235934257507324,
3.2312264442443848,
3.2269692420959473,
3.223134756088257,
3.2196991443634033,
3.2166385650634766,
3.213930130004883,
3.2110085487365723,
3.209019660949707,
