rx = [];
ry = [];
rx = [rx 4.51271];
ry = [ry 7.9];
rx = [rx 4.57121];
ry = [ry 7.84905];
rx = [rx 4.6275];
ry = [ry 7.80004];
rx = [rx 4.68172];
ry = [ry 7.75282];
rx = [rx 4.73402];
ry = [ry 7.70728];
rx = [rx 4.78453];
ry = [ry 7.6633];
rx = [rx 4.83337];
ry = [ry 7.62078];
rx = [rx 4.88064];
ry = [ry 7.57961];
rx = [rx 4.92646];
ry = [ry 7.53972];
rx = [rx 4.97109];
ry = [ry 7.50104];
rx = [rx 5.01452];
ry = [ry 7.46351];
rx = [rx 5.05673];
ry = [ry 7.42702];
rx = [rx 5.0978];
ry = [ry 7.39152];
rx = [rx 5.1378];
ry = [ry 7.35695];
rx = [rx 5.17679];
ry = [ry 7.32325];
rx = [rx 5.21483];
ry = [ry 7.29037];
rx = [rx 5.25198];
ry = [ry 7.25826];
rx = [rx 5.28829];
ry = [ry 7.22687];
rx = [rx 5.32381];
ry = [ry 7.19616];
rx = [rx 5.3586];
ry = [ry 7.1661];
rx = [rx 5.39268];
ry = [ry 7.13664];
rx = [rx 5.4261];
ry = [ry 7.10774];
rx = [rx 5.45891];
ry = [ry 7.07939];
rx = [rx 5.49114];
ry = [ry 7.05153];
rx = [rx 5.52281];
ry = [ry 7.02415];
rx = [rx 5.55397];
ry = [ry 6.99722];
rx = [rx 5.58465];
ry = [ry 6.9707];
rx = [rx 5.61488];
ry = [ry 6.94458];
rx = [rx 5.64467];
ry = [ry 6.91882];
rx = [rx 5.67407];
ry = [ry 6.89341];
rx = [rx 5.70309];
ry = [ry 6.86833];
rx = [rx 5.73176];
ry = [ry 6.84354];
rx = [rx 5.76011];
ry = [ry 6.81904];
rx = [rx 5.78815];
ry = [ry 6.7948];
rx = [rx 5.81591];
ry = [ry 6.77081];
rx = [rx 5.8434];
ry = [ry 6.74704];
rx = [rx 5.87066];
ry = [ry 6.72348];
rx = [rx 5.8977];
ry = [ry 6.70011];
rx = [rx 5.92453];
ry = [ry 6.67692];
rx = [rx 5.95118];
ry = [ry 6.65389];
rx = [rx 5.97766];
ry = [ry 6.63099];
rx = [rx 6.00399];
ry = [ry 6.60823];
rx = [rx 6.03019];
ry = [ry 6.58558];
rx = [rx 6.05628];
ry = [ry 6.56304];
rx = [rx 6.08227];
ry = [ry 6.54057];
rx = [rx 6.10818];
ry = [ry 6.51818];
rx = [rx 6.13402];
ry = [ry 6.49584];
rx = [rx 6.15981];
ry = [ry 6.47355];
rx = [rx 6.18557];
ry = [ry 6.45128];
rx = [rx 6.21131];
ry = [ry 6.42903];
rx = [rx 6.23705];
ry = [ry 6.40679];
rx = [rx 6.2628];
ry = [ry 6.38453];
rx = [rx 6.28857];
ry = [ry 6.36225];
rx = [rx 6.3144];
ry = [ry 6.33992];
rx = [rx 6.34028];
ry = [ry 6.31755];
rx = [rx 6.36624];
ry = [ry 6.29511];
rx = [rx 6.3923];
ry = [ry 6.27259];
rx = [rx 6.41846];
ry = [ry 6.24998];
rx = [rx 6.44475];
ry = [ry 6.22725];
rx = [rx 6.47118];
ry = [ry 6.2044];
rx = [rx 6.49778];
ry = [ry 6.18142];
rx = [rx 6.52455];
ry = [ry 6.15828];
rx = [rx 6.55152];
ry = [ry 6.13497];
rx = [rx 6.5787];
ry = [ry 6.11147];
rx = [rx 6.60612];
ry = [ry 6.08777];
rx = [rx 6.63379];
ry = [ry 6.06385];
rx = [rx 6.66174];
ry = [ry 6.03969];
rx = [rx 6.68998];
ry = [ry 6.01528];
rx = [rx 6.71855];
ry = [ry 5.99059];
rx = [rx 6.74745];
ry = [ry 5.9656];
rx = [rx 6.77673];
ry = [ry 5.9403];
rx = [rx 6.80639];
ry = [ry 5.91466];
rx = [rx 6.83647];
ry = [ry 5.88865];
rx = [rx 6.867];
ry = [ry 5.86227];
rx = [rx 6.89801];
ry = [ry 5.83547];
rx = [rx 6.92951];
ry = [ry 5.80823];
rx = [rx 6.96156];
ry = [ry 5.78054];
rx = [rx 6.99417];
ry = [ry 5.75234];
rx = [rx 7.0274];
ry = [ry 5.72363];
rx = [rx 7.06127];
ry = [ry 5.69435];
rx = [rx 7.09582];
ry = [ry 5.66448];
rx = [rx 7.1311];
ry = [ry 5.63399];
rx = [rx 7.16715];
ry = [ry 5.60282];
rx = [rx 7.20403];
ry = [ry 5.57095];
rx = [rx 7.24178];
ry = [ry 5.53832];
rx = [rx 7.28045];
ry = [ry 5.50489];
rx = [rx 7.32012];
ry = [ry 5.4706];
rx = [rx 7.36084];
ry = [ry 5.43541];
rx = [rx 7.40267];
ry = [ry 5.39925];
rx = [rx 7.4457];
ry = [ry 5.36205];
rx = [rx 7.49];
ry = [ry 5.32376];
rx = [rx 7.53566];
ry = [ry 5.2843];
rx = [rx 7.58276];
ry = [ry 5.24358];
rx = [rx 7.63142];
ry = [ry 5.20152];
rx = [rx 7.68174];
ry = [ry 5.15803];
rx = [rx 7.73383];
ry = [ry 5.113];
rx = [rx 7.78783];
ry = [ry 5.06632];
rx = [rx 7.84388];
ry = [ry 5.01788];
rx = [rx 7.90213];
ry = [ry 4.96753];
rx = [rx 7.96276];
ry = [ry 4.91512];
rx = [rx 8.02595];
ry = [ry 4.8605];
rx = [rx 8.0919];
ry = [ry 4.80349];
rx = [rx 8.16085];
ry = [ry 4.7439];
rx = [rx 8.23305];
ry = [ry 4.68149];
rx = [rx 8.30879];
ry = [ry 4.61602];
rx = [rx 8.38837];
ry = [ry 4.54723];
rx = [rx 8.47216];
ry = [ry 4.47481];
rx = [rx 8.56054];
ry = [ry 4.39841];
rx = [rx 8.65398];
ry = [ry 4.31765];
rx = [rx 8.75296];
ry = [ry 4.23209];
rx = [rx 8.85808];
ry = [ry 4.14122];
rx = [rx 8.96999];
ry = [ry 4.04449];
rx = [rx 9.08944];
ry = [ry 3.94124];
rx = [rx 9.21731];
ry = [ry 3.83072];
rx = [rx 9.3546];
ry = [ry 3.71205];
rx = [rx 9.50248];
ry = [ry 3.58422];
rx = [rx 9.66234];
ry = [ry 3.44604];
rx = [rx 9.8358];
ry = [ry 3.29611];
rx = [rx 9.92375];
ry = [ry 3.32278];
rx = [rx 9.98609];
ry = [ry 3.39693];
rx = [rx 10.047];
ry = [ry 3.47121];
rx = [rx 10.1065];
ry = [ry 3.54546];
rx = [rx 10.1646];
ry = [ry 3.61974];
rx = [rx 10.2218];
ry = [ry 3.69336];
rx = [rx 10.2792];
ry = [ry 3.76487];
rx = [rx 10.3318];
ry = [ry 3.84154];
rx = [rx 10.3838];
ry = [ry 3.91703];
rx = [rx 10.436];
ry = [ry 3.99054];
rx = [rx 10.4884];
ry = [ry 4.0622];
rx = [rx 10.5377];
ry = [ry 4.13645];
rx = [rx 10.5858];
ry = [ry 4.21061];
rx = [rx 10.6326];
ry = [ry 4.28482];
rx = [rx 10.6784];
ry = [ry 4.35891];
rx = [rx 10.7231];
ry = [ry 4.43296];
rx = [rx 10.7687];
ry = [ry 4.50478];
rx = [rx 10.8121];
ry = [ry 4.57788];
rx = [rx 10.852];
ry = [ry 4.65331];
rx = [rx 10.888];
ry = [ry 4.73134];
rx = [rx 10.9273];
ry = [ry 4.80501];
rx = [rx 10.9657];
ry = [ry 4.87862];
rx = [rx 11.0031];
ry = [ry 4.95214];
rx = [rx 11.0395];
ry = [ry 5.02566];
rx = [rx 11.0751];
ry = [ry 5.09904];
rx = [rx 11.1096];
ry = [ry 5.17243];
rx = [rx 11.1433];
ry = [ry 5.24574];
rx = [rx 11.176];
ry = [ry 5.319];
rx = [rx 11.208];
ry = [ry 5.39221];
rx = [rx 11.239];
ry = [ry 5.46537];
rx = [rx 11.2692];
ry = [ry 5.53852];
rx = [rx 11.2986];
ry = [ry 5.61157];
rx = [rx 11.2703];
ry = [ry 5.71743];
rx = [rx 11.0136];
ry = [ry 5.94682];
rx = [rx 10.7867];
ry = [ry 6.14713];
rx = [rx 10.6113];
ry = [ry 6.30961];
rx = [rx 10.4393];
ry = [ry 6.46153];
rx = [rx 10.3199];
ry = [ry 6.58041];
rx = [rx 10.317];
ry = [ry 6.64135];
rx = [rx 10.3461];
ry = [ry 6.68764];
rx = [rx 10.3074];
ry = [ry 6.7617];
rx = [rx 10.1638];
ry = [ry 6.87363];
rx = [rx 10.0884];
ry = [ry 6.95427];
rx = [rx 9.89649];
ry = [ry 7.07138];
rx = [rx 9.558];
ry = [ry 7.22807];
rx = [rx 9.47771];
ry = [ry 7.2923];
rx = [rx 9.44054];
ry = [ry 7.34069];
rx = [rx 9.35505];
ry = [ry 7.40026];
rx = [rx 9.30723];
ry = [ry 7.44691];
rx = [rx 9.26685];
ry = [ry 7.48978];
rx = [rx 9.19954];
ry = [ry 7.53663];
rx = [rx 9.15741];
ry = [ry 7.57589];
rx = [rx 9.12808];
ry = [ry 7.61116];
rx = [rx 9.07018];
ry = [ry 7.64972];
rx = [rx 9.02992];
ry = [ry 7.68358];
rx = [rx 9.00243];
ry = [ry 7.7143];
rx = [rx 8.96703];
ry = [ry 7.74476];
rx = [rx 8.9243];
ry = [ry 7.77452];
rx = [rx 8.89195];
ry = [ry 7.80197];
rx = [rx 8.86818];
ry = [ry 7.82777];
rx = [rx 8.84248];
ry = [ry 7.85277];
rx = [rx 8.80891];
ry = [ry 7.87698];
rx = [rx 8.7816];
ry = [ry 7.9];
rx = [rx 8.7578];
ry = [ry 7.92213];
rx = [rx 8.73985];
ry = [ry 7.94365];
rx = [rx 8.71452];
ry = [ry 7.96417];
rx = [rx 8.6851];
ry = [ry 7.98357];
rx = [rx 8.66129];
ry = [ry 8.00247];
rx = [rx 8.64008];
ry = [ry 8.02088];
rx = [rx 8.62534];
ry = [ry 8.0394];
rx = [rx 8.61028];
ry = [ry 8.05745];
rx = [rx 8.58562];
ry = [ry 8.07353];
rx = [rx 8.56189];
ry = [ry 8.089];
rx = [rx 8.54397];
ry = [ry 8.10487];
rx = [rx 8.52692];
ry = [ry 8.1204];
rx = [rx 8.51591];
ry = [ry 8.13685];
rx = [rx 8.50555];
ry = [ry 8.15321];
rx = [rx 8.48526];
ry = [ry 8.16668];
rx = [rx 8.46558];
ry = [ry 8.17974];
rx = [rx 8.44832];
ry = [ry 8.19299];
rx = [rx 8.43298];
ry = [ry 8.20639];
rx = [rx 8.41888];
ry = [ry 8.21984];
rx = [rx 8.4081];
ry = [ry 8.23416];
rx = [rx 8.39621];
ry = [ry 8.24786];
rx = [rx 8.37833];
ry = [ry 8.25891];
rx = [rx 8.3609];
ry = [ry 8.26967];
rx = [rx 8.34469];
ry = [ry 8.28053];
rx = [rx 8.33096];
ry = [ry 8.29214];
rx = [rx 8.31744];
ry = [ry 8.30357];
rx = [rx 8.30684];
ry = [ry 8.3162];
rx = [rx 8.29749];
ry = [ry 8.32935];
rx = [rx 8.28459];
ry = [ry 8.34045];
rx = [rx 8.26897];
ry = [ry 8.34974];
rx = [rx 8.25365];
