mx = [];
my = [];
mx = [mx 0.763014];
my = [my 1.57087];
mx = [mx 0.801257];
my = [my 1.63631];
mx = [mx 0.780749];
my = [my 1.68853];
mx = [mx 0.75281];
my = [my 1.65185];
mx = [mx 0.783156];
my = [my 1.63364];
mx = [mx 0.825133];
my = [my 1.70068];
mx = [mx 0.832863];
my = [my 1.70492];
mx = [mx 0.744845];
my = [my 1.7695];
mx = [mx 0.788612];
my = [my 1.71099];
mx = [mx 0.892286];
my = [my 1.82507];
mx = [mx 0.766389];
my = [my 1.72723];
mx = [mx 0.787456];
my = [my 1.81958];
mx = [mx 0.815416];
my = [my 1.80437];
mx = [mx 0.829159];
my = [my 1.84117];
mx = [mx 0.855937];
my = [my 1.94022];
mx = [mx 0.763156];
my = [my 1.86252];
mx = [mx 0.892409];
my = [my 1.8811];
mx = [mx 0.804084];
my = [my 1.93158];
mx = [mx 0.778771];
my = [my 1.83968];
mx = [mx 0.767264];
my = [my 1.97885];
mx = [mx 0.709008];
my = [my 2.02584];
mx = [mx 0.752314];
my = [my 1.97733];
mx = [mx 0.705223];
my = [my 2.07962];
mx = [mx 0.807109];
my = [my 1.98384];
mx = [mx 0.736637];
my = [my 2.08113];
mx = [mx 0.731884];
my = [my 2.15511];
mx = [mx 0.781581];
my = [my 2.07879];
mx = [mx 0.685388];
my = [my 2.20868];
mx = [mx 0.654409];
my = [my 2.14394];
mx = [mx 0.787542];
my = [my 2.09329];
mx = [mx 0.808217];
my = [my 2.26723];
mx = [mx 0.679105];
my = [my 2.20344];
mx = [mx 0.707498];
my = [my 2.25893];
mx = [mx 0.699578];
my = [my 2.21533];
mx = [mx 0.621595];
my = [my 2.18581];
mx = [mx 0.629924];
my = [my 2.27079];
mx = [mx 0.539737];
my = [my 2.28098];
mx = [mx 0.58558];
my = [my 2.27667];
mx = [mx 0.508258];
my = [my 2.2997];
mx = [mx 0.525138];
my = [my 2.31475];
mx = [mx 0.53333];
my = [my 2.30068];
mx = [mx 0.575676];
my = [my 2.35938];
mx = [mx 0.50444];
my = [my 2.36081];
mx = [mx 0.426827];
my = [my 2.37127];
mx = [mx 0.458196];
my = [my 2.35959];
mx = [mx 0.952994];
my = [my 3.53019];
mx = [mx 0.866917];
my = [my 3.71741];
mx = [mx 0.864904];
my = [my 3.70216];
mx = [mx 0.709918];
my = [my 3.73435];
mx = [mx 0.652351];
my = [my 3.89677];
mx = [mx 0.685176];
my = [my 3.85007];
mx = [mx 0.595657];
my = [my 3.91815];
mx = [mx 0.606274];
my = [my 4.08725];
mx = [mx 0.559792];
my = [my 4.16451];
mx = [mx 0.334825];
my = [my 4.27321];
mx = [mx 0.371154];
my = [my 4.46362];
mx = [mx 0.27989];
my = [my 4.37798];
mx = [mx 0.19602];
my = [my 4.02322];
mx = [mx 0.0962822];
my = [my 3.74718];
mx = [mx -0.0117021];
my = [my 3.74082];
mx = [mx -0.0215701];
my = [my 3.70474];
mx = [mx -0.0257321];
my = [my 3.46837];
mx = [mx -0.166233];
my = [my 3.55628];
mx = [mx -0.161128];
my = [my 3.1133];
mx = [mx -0.0502461];
my = [my 2.71089];
mx = [mx -0.150045];
my = [my 2.95534];
mx = [mx -0.485708];
my = [my 3.82778];
mx = [mx -0.668808];
my = [my 3.83543];
mx = [mx -0.774001];
my = [my 3.84867];
mx = [mx -0.768994];
my = [my 3.70801];
mx = [mx -0.691408];
my = [my 3.68682];
mx = [mx -0.986492];
my = [my 3.72681];
mx = [mx -0.93745];
my = [my 3.64486];
mx = [mx -1.02511];
my = [my 3.55648];
mx = [mx -1.05123];
my = [my 3.50581];
mx = [mx -1.20453];
my = [my 3.51908];
mx = [mx -1.17324];
my = [my 3.41463];
mx = [mx -1.21599];
my = [my 3.34638];
mx = [mx -1.32085];
my = [my 3.33387];
mx = [mx -1.30677];
my = [my 3.32067];
mx = [mx -1.27173];
my = [my 3.29992];
mx = [mx -1.09063];
my = [my 2.88401];
mx = [mx -0.969];
my = [my 2.8531];
mx = [mx -1.02204];
my = [my 2.67315];
mx = [mx -1.075];
my = [my 2.53241];
mx = [mx -1.02554];
my = [my 2.58104];
mx = [mx -1.10429];
my = [my 2.48476];
mx = [mx -1.07837];
my = [my 2.50343];
mx = [mx -1.17498];
my = [my 2.48519];
mx = [mx -1.36771];
my = [my 2.35711];
mx = [mx -1.43116];
my = [my 2.52854];
mx = [mx -1.26013];
my = [my 2.38877];
mx = [mx -1.24908];
my = [my 2.33048];
mx = [mx -1.21894];
my = [my 2.21024];
mx = [mx -1.16127];
my = [my 2.12987];
mx = [mx -1.08887];
my = [my 2.13804];
mx = [mx -1.11785];
my = [my 1.97274];
mx = [mx -1.11757];
my = [my 1.9415];
mx = [mx -0.990607];
my = [my 1.95113];
mx = [mx -0.909552];
my = [my 1.87083];
mx = [mx -0.897112];
my = [my 1.95002];
mx = [mx -0.94517];
my = [my 1.80991];
mx = [mx -0.846174];
my = [my 1.71854];
mx = [mx -0.843372];
my = [my 1.6572];
mx = [mx -0.857428];
my = [my 1.64461];
mx = [mx -0.868251];
my = [my 1.6761];
mx = [mx -0.753892];
my = [my 1.55271];
mx = [mx -0.719125];
my = [my 1.59638];
mx = [mx -0.575856];
my = [my 1.58861];
mx = [mx -0.433665];
my = [my 1.6123];
mx = [mx -0.409655];
my = [my 1.5961];
mx = [mx -0.357819];
my = [my 1.61888];
mx = [mx -0.374008];
my = [my 1.50342];
mx = [mx -0.404847];
my = [my 1.49254];
mx = [mx -0.274092];
my = [my 1.55508];
mx = [mx -0.308305];
my = [my 1.51002];
mx = [mx -0.32085];
my = [my 1.49146];
mx = [mx -0.34477];
my = [my 1.51328];
mx = [mx -0.263694];
my = [my 1.45163];
mx = [mx -0.275689];
my = [my 1.40549];
mx = [mx -0.304413];
my = [my 1.37447];
mx = [mx -0.353563];
my = [my 1.44194];
mx = [mx -0.31805];
my = [my 1.3799];
mx = [mx -0.258369];
my = [my 1.31542];
mx = [mx -0.27872];
my = [my 1.40905];
mx = [mx -0.207944];
my = [my 1.32386];
mx = [mx -0.242416];
my = [my 1.23787];
mx = [mx -0.148596];
my = [my 1.34334];
mx = [mx -0.213036];
my = [my 1.21827];
mx = [mx -0.141713];
my = [my 1.18917];
mx = [mx -0.222209];
my = [my 1.17382];
mx = [mx -0.187054];
my = [my 1.14582];
mx = [mx -0.135726];
my = [my 1.19959];
mx = [mx -0.134394];
my = [my 1.07111];
mx = [mx -0.137187];
my = [my 1.04701];
mx = [mx -0.106805];
my = [my 1.03739];
mx = [mx 0.0284786];
my = [my 1.21515];
mx = [mx -0.00983942];
my = [my 1.30643];
mx = [mx -0.0461479];
my = [my 1.26783];
mx = [mx -0.0266479];
my = [my 1.22301];
mx = [mx 0.0937277];
my = [my 1.21525];
mx = [mx 0.145293];
my = [my 1.21464];
mx = [mx 0.0566771];
my = [my 1.1521];
mx = [mx 0.0899604];
my = [my 1.26136];
mx = [mx 0.0838371];
my = [my 1.15994];
mx = [mx 0.212618];
my = [my 1.24584];
mx = [mx 0.213608];
my = [my 1.2615];
mx = [mx 0.184481];
my = [my 1.19712];
mx = [mx 0.247865];
my = [my 1.1925];
mx = [mx 0.2923];
my = [my 1.19909];
mx = [mx 0.31913];
my = [my 1.17002];
mx = [mx 0.321208];
my = [my 1.24144];
mx = [mx 0.318408];
my = [my 1.24478];
mx = [mx 0.335746];
my = [my 1.11881];
mx = [mx 0.364502];
my = [my 1.25008];
mx = [mx 0.419586];
my = [my 1.31552];
mx = [mx 0.390211];
my = [my 1.28914];
mx = [mx 0.412089];
my = [my 1.18825];
mx = [mx 0.421846];
my = [my 1.20567];
mx = [mx 0.47137];
my = [my 1.2304];
mx = [mx 0.475792];
my = [my 1.32551];
mx = [mx 0.478279];
my = [my 1.25421];
mx = [mx 0.540426];
my = [my 1.28596];
mx = [mx 0.5612];
my = [my 1.43877];
mx = [mx 0.450706];
my = [my 1.24633];
mx = [mx 0.512932];
my = [my 1.4101];
mx = [mx 0.569279];
my = [my 1.2754];
mx = [mx 0.55861];
my = [my 1.43278];
mx = [mx 0.498421];
my = [my 1.312];
mx = [mx 0.708676];
my = [my 1.40797];
mx = [mx 0.599071];
my = [my 1.44025];
mx = [mx 0.731486];
my = [my 1.33726];
mx = [mx 0.615769];
my = [my 1.39759];
mx = [mx 0.641578];
my = [my 1.44372];
mx = [mx 0.625004];
my = [my 1.43553];
mx = [mx 0.68797];
my = [my 1.50201];
mx = [mx 0.725855];
my = [my 1.52916];
mx = [mx 0.705564];
my = [my 1.54792];
mx = [mx 0.699073];
my = [my 1.53415];
mx = [mx 0.811623];
my = [my 1.63724];
