rr = [];
rr = [rr 1.06294];
rr = [rr 1.05537];
rr = [rr 1.05759];
rr = [rr 1.00822];
rr = [rr 1.16925];
rr = [rr 1.08958];
rr = [rr 1.16874];
rr = [rr 1.029];
rr = [rr 1.0177];
rr = [rr 1.04293];
rr = [rr 0.988948];
rr = [rr 1.0669];
rr = [rr 1.05569];
rr = [rr 1.13739];
rr = [rr 1.11831];
rr = [rr 1.1103];
rr = [rr 1.12154];
rr = [rr 1.16435];
rr = [rr 1.04588];
rr = [rr 1.17419];
rr = [rr 1.11775];
rr = [rr 1.23557];
rr = [rr 1.14112];
rr = [rr 1.12937];
rr = [rr 1.1696];
rr = [rr 1.17447];
rr = [rr 1.15509];
rr = [rr 1.16893];
rr = [rr 1.19054];
rr = [rr 1.17555];
rr = [rr 0.952358];
rr = [rr 1.06412];
rr = [rr 1.03871];
rr = [rr 0.982917];
rr = [rr 1.00141];
rr = [rr 1.00033];
rr = [rr 1.04923];
rr = [rr 0.939037];
rr = [rr 1.05537];
rr = [rr 0.831204];
rr = [rr 1.02824];
rr = [rr 0.952091];
rr = [rr 0.903107];
rr = [rr 0.918022];
rr = [rr 0.969759];
rr = [rr 0.95864];
rr = [rr 0.926313];
rr = [rr 0.908008];
rr = [rr 0.895772];
rr = [rr 1.03988];
rr = [rr 0.998038];
rr = [rr 0.870217];
rr = [rr 0.866581];
rr = [rr 0.916837];
rr = [rr 0.798067];
rr = [rr 0.830785];
rr = [rr 0.703034];
rr = [rr 0.875244];
rr = [rr 0.839601];
rr = [rr 0.826117];
rr = [rr 0.818045];
rr = [rr 0.730516];
rr = [rr 0.811009];
rr = [rr 0.797957];
rr = [rr 0.764312];
rr = [rr 0.709919];
rr = [rr 0.746889];
rr = [rr 0.822878];
rr = [rr 0.732515];
rr = [rr 0.711726];
rr = [rr 0.705443];
rr = [rr 0.687284];
rr = [rr 0.58343];
rr = [rr 0.604692];
rr = [rr 0.611666];
rr = [rr 0.660054];
rr = [rr 0.610891];
rr = [rr 0.642049];
rr = [rr 0.508382];
rr = [rr 0.567594];
rr = [rr 0.494558];
rr = [rr 0.598869];
rr = [rr 0.594144];
rr = [rr 0.521992];
rr = [rr 0.57814];
rr = [rr 0.615423];
rr = [rr 0.521873];
rr = [rr 0.547972];
rr = [rr 0.523673];
rr = [rr 0.486008];
rr = [rr 0.459647];
rr = [rr 0.413268];
rr = [rr 0.473668];
rr = [rr 0.482259];
rr = [rr 0.396747];
rr = [rr 0.470849];
rr = [rr 0.412772];
rr = [rr 0.461036];
rr = [rr 0.307619];
rr = [rr 0.41457];
rr = [rr 0.496408];
rr = [rr 0.417095];
rr = [rr 0.39869];
rr = [rr 0.309133];
rr = [rr 0.355396];
rr = [rr 0.373752];
rr = [rr 0.415973];
rr = [rr 0.313525];
rr = [rr 0.308711];
rr = [rr 0.364753];
rr = [rr 0.382915];
rr = [rr 0.319435];
rr = [rr 0.263375];
rr = [rr 0.221155];
rr = [rr 0.319367];
rr = [rr 0.305672];
rr = [rr 0.373788];
rr = [rr 0.35573];
rr = [rr 0.214751];
rr = [rr 0.315368];
rr = [rr 0.299731];
rr = [rr 0.15544];
rr = [rr 0.334763];
rr = [rr 0.274395];
rr = [rr 0.210885];
rr = [rr 0.230442];
rr = [rr 0.298686];
rr = [rr 0.309481];
rr = [rr 0.296408];
rr = [rr 0.260929];
rr = [rr 0.306657];
rr = [rr 0.264526];
rr = [rr 0.243068];
rr = [rr 0.180629];
rr = [rr 0.200703];
rr = [rr 0.160862];
rr = [rr 0.196863];
rr = [rr 0.155876];
rr = [rr 0.244438];
rr = [rr 0.0839673];
rr = [rr 0.233828];
rr = [rr 0.09854];
rr = [rr 0.237309];
rr = [rr 0.259327];
rr = [rr 0.191426];
rr = [rr 0.227474];
rr = [rr 0.0895192];
rr = [rr 0.260551];
rr = [rr 0.134225];
rr = [rr 0.205178];
rr = [rr 0.0782776];
rr = [rr 0.151584];
rr = [rr 0.188502];
rr = [rr 0.201707];
rr = [rr 0.138921];
rr = [rr 0.205427];
rr = [rr 0.131254];
rr = [rr 0.219742];
rr = [rr 0.231701];
rr = [rr 0.246178];
rr = [rr 0.179839];
rr = [rr 0.174857];
rr = [rr 0.156135];
rr = [rr 0.183053];
rr = [rr 0.221857];
rr = [rr 0.140137];
rr = [rr 0.098819];
rr = [rr 0.231745];
rr = [rr 0.181384];
rr = [rr 0.157738];
rr = [rr 0.157675];
rr = [rr 0.197804];
rr = [rr 0.149922];
rr = [rr 0.110195];
rr = [rr 0.181665];
rr = [rr 0.164062];
rr = [rr 0.150132];
rr = [rr 0.188782];
rr = [rr 0.158215];
rr = [rr 0.068726];
rr = [rr 0.194612];
rr = [rr 0.0813592];
rr = [rr 0.134251];
rr = [rr 0.199215];
rr = [rr 0.184964];
rr = [rr 0.182125];
rr = [rr 0.16194];
rr = [rr 0.150744];
rr = [rr 0.0896488];
rr = [rr 0.0812418];
rr = [rr 0.11181];
rr = [rr 0.0247318];
rr = [rr 0.159796];
rr = [rr 0.0631474];
rr = [rr 0.118451];
rr = [rr 0.161472];
rr = [rr 0.0867064];
rr = [rr 0.121977];
rr = [rr 0.135945];
rr = [rr 0.192062];
rr = [rr 0.173489];
rr = [rr 0.174434];
rr = [rr 0.119985];
rr = [rr 0.142163];
rr = [rr 0.140947];
rr = [rr 0.166496];
rr = [rr 0.127731];
rr = [rr 0.141631];
rr = [rr 0.189355];
rr = [rr 0.158207];
rr = [rr 0.165375];
rr = [rr 0.13359];
rr = [rr 0.190621];
rr = [rr 0.228217];
rr = [rr 0.228636];
rr = [rr 0.189529];
rr = [rr 0.098886];
rr = [rr 0.0444172];
rr = [rr 0.0901064];
rr = [rr 0.0732272];
rr = [rr 0.192116];
rr = [rr 0.234685];
rr = [rr 0.120134];
rr = [rr 0.205726];
rr = [rr 0.196694];
rr = [rr 0.237887];
rr = [rr 0.145923];
rr = [rr 0.208302];
rr = [rr 0.245064];
rr = [rr 0.138871];
rr = [rr 0.164873];
rr = [rr 0.169233];
rr = [rr 0.203801];
rr = [rr 0.185741];
rr = [rr 0.182696];
rr = [rr 0.209886];
rr = [rr 0.153928];
rr = [rr 0.188229];
rr = [rr 0.171489];
rr = [rr 0.209477];
rr = [rr 0.207969];
rr = [rr 0.207475];
rr = [rr 0.203191];
rr = [rr 0.238112];
rr = [rr 0.191234];
rr = [rr 0.202893];
rr = [rr 0.219424];
rr = [rr 0.210721];
rr = [rr 0.173433];
rr = [rr 0.272114];
rr = [rr 0.221064];
rr = [rr 0.171247];
rr = [rr 0.26109];
rr = [rr 0.13846];
rr = [rr 0.151512];
rr = [rr 0.174377];
rr = [rr 0.225645];
rr = [rr 0.229523];
rr = [rr 0.299645];
rr = [rr 0.371765];
rr = [rr 0.220154];
rr = [rr 0.211353];
rr = [rr 0.223681];
rr = [rr 0.262869];
rr = [rr 0.228743];
rr = [rr 0.289614];
rr = [rr 0.289965];
rr = [rr 1.5673];
rr = [rr 1.6929];
rr = [rr 1.62871];
rr = [rr 1.63284];
rr = [rr 1.46951];
rr = [rr 1.38337];
rr = [rr 1.462];
rr = [rr 1.40553];
rr = [rr 1.28239];
rr = [rr 1.34022];
rr = [rr 1.27242];
rr = [rr 1.09319];
rr = [rr 1.02829];
rr = [rr 1.12205];
rr = [rr 1.03052];
rr = [rr 0.991694];
rr = [rr 1.06023];
rr = [rr 0.928375];
rr = [rr 0.949038];
rr = [rr 0.996208];
rr = [rr 0.960007];
rr = [rr 0.825499];
rr = [rr 0.834324];
rr = [rr 2.11474];
rr = [rr 2.19158];
rr = [rr 2.18431];
rr = [rr 2.21629];
rr = [rr 2.1606];
rr = [rr 2.16855];
rr = [rr 2.21284];
rr = [rr 2.28193];
rr = [rr 2.33458];
rr = [rr 2.26651];
rr = [rr 2.32266];
rr = [rr 2.25624];
rr = [rr 2.27481];
rr = [rr 2.18789];
rr = [rr 2.08428];
rr = [rr 2.03774];
rr = [rr 1.8931];
rr = [rr 1.91355];
rr = [rr 1.81281];
rr = [rr 1.75568];
rr = [rr 1.73812];
rr = [rr 1.61742];
rr = [rr 1.59723];
rr = [rr 1.64302];
rr = [rr 1.68262];
rr = [rr 1.5714];
rr = [rr 1.72191];
rr = [rr 1.70127];
rr = [rr 1.74414];
rr = [rr 1.77987];
rr = [rr 1.86286];
rr = [rr 1.85669];
rr = [rr 1.84249];
rr = [rr 1.87224];
rr = [rr 1.89929];
rr = [rr 1.94472];
rr = [rr 1.95652];
rr = [rr 1.87541];
rr = [rr 1.78765];
rr = [rr 1.79484];
rr = [rr 1.78495];
rr = [rr 1.78446];
rr = [rr 1.65507];
rr = [rr 1.61985];
rr = [rr 1.61624];
rr = [rr 1.66747];
rr = [rr 1.6161];
rr = [rr 1.68166];
rr = [rr 1.62062];
rr = [rr 1.63789];
rr = [rr 1.64026];
rr = [rr 1.62011];
rr = [rr 1.59505];
rr = [rr 1.44218];
rr = [rr 1.52752];
rr = [rr 1.51778];
rr = [rr 1.46764];
rr = [rr 1.48351];
rr = [rr 1.49261];
rr = [rr 1.45111];
rr = [rr 1.52335];
rr = [rr 1.47248];
rr = [rr 1.51006];
rr = [rr 1.48316];
rr = [rr 1.38677];
rr = [rr 1.31093];
rr = [rr 1.21333];
rr = [rr 1.12815];
rr = [rr 1.13032];
rr = [rr 1.10013];
rt = [];
rt = [rt 0];
rt = [rt 0.0174533];
rt = [rt 0.0349066];
rt = [rt 0.0523599];
rt = [rt 0.0698132];
rt = [rt 0.0872665];
rt = [rt 0.10472];
rt = [rt 0.122173];
rt = [rt 0.139626];
rt = [rt 0.15708];
rt = [rt 0.174533];
rt = [rt 0.191986];
rt = [rt 0.20944];
rt = [rt 0.226893];
rt = [rt 0.244346];
rt = [rt 0.261799];
rt = [rt 0.279253];
rt = [rt 0.296706];
rt = [rt 0.314159];
rt = [rt 0.331613];
rt = [rt 0.349066];
rt = [rt 0.366519];
rt = [rt 0.383972];
rt = [rt 0.401426];
rt = [rt 0.418879];
rt = [rt 0.436332];
rt = [rt 0.453786];
rt = [rt 0.471239];
rt = [rt 0.488692];
rt = [rt 0.506145];
rt = [rt 0.523599];
rt = [rt 0.541052];
rt = [rt 0.558505];
rt = [rt 0.575959];
rt = [rt 0.593412];
rt = [rt 0.610865];
rt = [rt 0.628319];
rt = [rt 0.645772];
rt = [rt 0.663225];
rt = [rt 0.680678];
rt = [rt 0.698132];
rt = [rt 0.715585];
rt = [rt 0.733038];
rt = [rt 0.750492];
rt = [rt 0.767945];
rt = [rt 0.785398];
