rx = [];
ry = [];
rx = [rx -0.681908];
ry = [ry 2.16946];
rx = [rx -0.670135];
ry = [ry 2.15332];
rx = [rx -0.667553];
ry = [ry 2.13493];
rx = [rx -0.615135];
ry = [ry 2.13107];
rx = [rx -0.763739];
ry = [ry 2.0662];
rx = [rx -0.681863];
ry = [ry 2.07187];
rx = [rx -0.750406];
ry = [ry 2.02764];
rx = [rx -0.612461];
ry = [ry 2.05705];
rx = [rx -0.59555];
ry = [ry 2.04438];
rx = [rx -0.612272];
ry = [ry 2.0183];
rx = [rx -0.555639];
ry = [ry 2.02293];
rx = [rx -0.619676];
ry = [ry 1.975];
rx = [rx -0.60172];
ry = [ry 1.9629];
rx = [rx -0.666892];
ry = [ry 1.91006];
rx = [rx -0.640978];
ry = [ry 1.90111];
rx = [rx -0.62481];
ry = [ry 1.88766];
rx = [rx -0.62526];
ry = [ry 1.86518];
rx = [rx -0.652459];
ry = [ry 1.82657];
rx = [rx -0.540868];
ry = [ry 1.87076];
rx = [rx -0.639627];
ry = [ry 1.78659];
rx = [rx -0.581362];
ry = [ry 1.80041];
rx = [rx -0.667763];
ry = [ry 1.71773];
rx = [rx -0.578411];
ry = [ry 1.75467];
rx = [rx -0.557281];
ry = [ry 1.7455];
rx = [rx -0.577442];
ry = [ry 1.70531];
rx = [rx -0.568734];
ry = [ry 1.68618];
rx = [rx -0.540889];
ry = [ry 1.6825];
rx = [rx -0.538516];
ry = [ry 1.65806];
rx = [rx -0.54139];
ry = [ry 1.62836];
rx = [rx -0.516449];
ry = [ry 1.62298];
rx = [rx -0.340204];
ry = [ry 1.76115];
rx = [rx -0.408602];
ry = [ry 1.67104];
rx = [rx -0.377646];
ry = [ry 1.67595];
rx = [rx -0.326131];
ry = [ry 1.70369];
rx = [rx -0.326141];
ry = [ry 1.67836];
rx = [rx -0.312466];
ry = [ry 1.66744];
rx = [rx -0.331172];
ry = [ry 1.61885];
rx = [rx -0.246867];
ry = [ry 1.69189];
rx = [rx -0.306807];
ry = [ry 1.59069];
rx = [rx -0.155404];
ry = [ry 1.7568];
rx = [rx -0.261447];
ry = [ry 1.58996];
rx = [rx -0.202578];
ry = [ry 1.64125];
rx = [rx -0.161142];
ry = [ry 1.67198];
rx = [rx -0.156362];
ry = [ry 1.65072];
rx = [rx -0.170857];
ry = [ry 1.59839];
rx = [rx -0.150693];
ry = [ry 1.59885];
rx = [rx -0.119895];
ry = [ry 1.61801];
rx = [rx -0.0968598];
ry = [ry 1.6258];
rx = [rx -0.0771528];
ry = [ry 1.62882];
rx = [rx -0.130238];
ry = [ry 1.49379];
rx = [rx -0.0953227];
ry = [ry 1.5229];
rx = [rx -0.0243614];
ry = [ry 1.63046];
rx = [rx -0.00909653];
ry = [ry 1.62731];
rx = [rx -0.0154536];
ry = [ry 1.57508];
rx = [rx 0.0449934];
ry = [ry 1.6784];
rx = [rx 0.0458252];
ry = [ry 1.64274];
rx = [rx 0.104396];
ry = [ry 1.75706];
rx = [rx 0.0580121];
ry = [ry 1.59065];
rx = [rx 0.0838394];
ry = [ry 1.61941];
rx = [rx 0.101852];
ry = [ry 1.62769];
rx = [rx 0.117942];
ry = [ry 1.63118];
rx = [rx 0.155264];
ry = [ry 1.71149];
rx = [rx 0.147216];
ry = [ry 1.63028];
rx = [rx 0.164021];
ry = [ry 1.63951];
rx = [rx 0.18495];
ry = [ry 1.66917];
rx = [rx 0.208972];
ry = [ry 1.71963];
rx = [rx 0.214298];
ry = [ry 1.6809];
rx = [rx 0.214395];
ry = [ry 1.60369];
rx = [rx 0.24216];
ry = [ry 1.69075];
rx = [rx 0.257583];
ry = [ry 1.70954];
rx = [rx 0.270635];
ry = [ry 1.71423];
rx = [rx 0.284663];
ry = [ry 1.73099];
rx = [rx 0.305025];
ry = [ry 1.83342];
rx = [rx 0.313828];
ry = [ry 1.81147];
rx = [rx 0.324044];
ry = [ry 1.80392];
rx = [rx 0.333321];
ry = [ry 1.75515];
rx = [rx 0.345394];
ry = [ry 1.80408];
rx = [rx 0.356248];
ry = [ry 1.7729];
rx = [rx 0.364297];
ry = [ry 1.90669];
rx = [rx 0.375596];
ry = [ry 1.84782];
rx = [rx 0.381219];
ry = [ry 1.92122];
rx = [rx 0.397747];
ry = [ry 1.81779];
rx = [rx 0.407721];
ry = [ry 1.82338];
rx = [rx 0.410053];
ry = [ry 1.89615];
rx = [rx 0.426284];
ry = [ry 1.84155];
rx = [rx 0.441696];
ry = [ry 1.80604];
rx = [rx 0.437106];
ry = [ry 1.9];
rx = [rx 0.45077];
ry = [ry 1.87588];
rx = [rx 0.45538];
ry = [ry 1.90151];
rx = [rx 0.456267];
ry = [ry 1.94018];
rx = [rx 0.458449];
ry = [ry 1.96771];
rx = [rx 0.454741];
ry = [ry 2.01457];
rx = [rx 0.477704];
ry = [ry 1.95817];
rx = [rx 0.488075];
ry = [ry 1.95218];
rx = [rx 0.470627];
ry = [ry 2.03624];
rx = [rx 0.50055];
ry = [ry 1.96803];
rx = [rx 0.489082];
ry = [ry 2.02548];
rx = [rx 0.512643];
ry = [ry 1.98268];
rx = [rx 0.464303];
ry = [ry 2.12843];
rx = [rx 0.50996];
ry = [ry 2.03151];
rx = [rx 0.549067];
ry = [ry 1.95919];
rx = [rx 0.524286];
ry = [ry 2.03495];
rx = [rx 0.523011];
ry = [ry 2.05464];
rx = [rx 0.489519];
ry = [ry 2.13793];
rx = [rx 0.515589];
ry = [ry 2.09927];
rx = [rx 0.52979];
ry = [ry 2.08602];
rx = [rx 0.5562];
ry = [ry 2.05236];
rx = [rx 0.510727];
ry = [ry 2.14438];
rx = [rx 0.51292];
ry = [ry 2.1513];
rx = [rx 0.547487];
ry = [ry 2.1068];
rx = [rx 0.56282];
ry = [ry 2.09508];
rx = [rx 0.532549];
ry = [ry 2.15121];
rx = [rx 0.504687];
ry = [ry 2.20012];
rx = [rx 0.483387];
ry = [ry 2.23682];
rx = [rx 0.546063];
ry = [ry 2.16106];
rx = [rx 0.541966];
ry = [ry 2.17522];
rx = [rx 0.589313];
ry = [ry 2.1259];
rx = [rx 0.582628];
ry = [ry 2.14384];
rx = [rx 0.494181];
ry = [ry 2.25373];
rx = [rx 0.564758];
ry = [ry 2.18187];
rx = [rx 0.558058];
ry = [ry 2.19699];
rx = [rx 0.460961];
ry = [ry 2.30379];
rx = [rx 0.590462];
ry = [ry 2.17968];
rx = [rx 0.55085];
ry = [ry 2.22554];
rx = [rx 0.507411];
ry = [ry 2.27206];
rx = [rx 0.524494];
ry = [ry 2.2618];
rx = [rx 0.57892];
ry = [ry 2.22037];
rx = [rx 0.590593];
ry = [ry 2.21747];
rx = [rx 0.583793];
ry = [ry 2.22982];
rx = [rx 0.558897];
ry = [ry 2.25556];
rx = [rx 0.598335];
ry = [ry 2.23189];
rx = [rx 0.567256];
ry = [ry 2.26077];
rx = [rx 0.552261];
ry = [ry 2.27674];
rx = [rx 0.502664];
ry = [ry 2.31485];
rx = [rx 0.52129];
ry = [ry 2.30666];
rx = [rx 0.489238];
ry = [ry 2.33053];
rx = [rx 0.521663];
ry = [ry 2.31458];
rx = [rx 0.487767];
ry = [ry 2.33783];
rx = [rx 0.566812];
ry = [ry 2.29775];
rx = [rx 0.426677];
ry = [ry 2.37597];
rx = [rx 0.561289];
ry = [ry 2.31006];
rx = [rx 0.441128];
ry = [ry 2.37228];
rx = [rx 0.567985];
ry = [ry 2.31597];
rx = [rx 0.589849];
ry = [ry 2.31092];
rx = [rx 0.528963];
ry = [ry 2.34122];
rx = [rx 0.563728];
ry = [ry 2.33102];
rx = [rx 0.436066];
ry = [ry 2.38337];
rx = [rx 0.597679];
ry = [ry 2.32733];
rx = [rx 0.479476];
ry = [ry 2.37202];
rx = [rx 0.547819];
ry = [ry 2.35273];
rx = [rx 0.427294];
ry = [ry 2.39251];
rx = [rx 0.498264];
ry = [ry 2.37405];
rx = [rx 0.534673];
ry = [ry 2.36727];
rx = [rx 0.54831];
ry = [ry 2.36734];
rx = [rx 0.487847];
ry = [ry 2.38452];
rx = [rx 0.553494];
ry = [ry 2.37346];
rx = [rx 0.481291];
ry = [ry 2.39068];
rx = [rx 0.568932];
ry = [ry 2.37811];
rx = [rx 0.581364];
ry = [ry 2.3801];
rx = [rx 0.596286];
ry = [ry 2.38217];
rx = [rx 0.530927];
ry = [ry 2.39412];
rx = [rx 0.526306];
ry = [ry 2.39773];
rx = [rx 0.507919];
ry = [ry 2.40228];
rx = [rx 0.534979];
ry = [ry 2.40329];
rx = [rx 0.573917];
ry = [ry 2.40469];
rx = [rx 0.492376];
ry = [ry 2.41091];
rx = [rx 0.45111];
ry = [ry 2.41382];
rx = [rx 0.584037];
ry = [ry 2.41636];
rx = [rx 0.53363];
ry = [ry 2.41922];
rx = [rx 0.509902];
ry = [ry 2.42141];
rx = [rx 0.509702];
ry = [ry 2.42415];
rx = [rx 0.549531];
ry = [ry 2.42995];
rx = [rx 0.501566];
ry = [ry 2.42892];
rx = [rx 0.461815];
ry = [ry 2.42713];
rx = [rx 0.532468];
ry = [ry 2.43818];
rx = [rx 0.514619];
ry = [ry 2.43877];
rx = [rx 0.500434];
ry = [ry 2.43933];
rx = [rx 0.538006];
ry = [ry 2.44886];
rx = [rx 0.507416];
ry = [ry 2.44608];
rx = [rx 0.419432];
ry = [ry 2.42964];
rx = [rx 0.541648];
ry = [ry 2.45988];
rx = [rx 0.431117];
ry = [ry 2.4351];
rx = [rx 0.481757];
ry = [ry 2.45048];
rx = [rx 0.543454];
ry = [ry 2.47102];
rx = [rx 0.528843];
ry = [ry 2.4701];
rx = [rx 0.525159];
ry = [ry 2.47228];
rx = [rx 0.505087];
ry = [ry 2.4686];
rx = [rx 0.49363];
ry = [ry 2.46736];
rx = [rx 0.435792];
ry = [ry 2.44758];
rx = [rx 0.427435];
ry = [ry 2.44583];
rx = [rx 0.454948];
ry = [ry 2.45925];
rx = [rx 0.374829];
ry = [ry 2.42513];
rx = [rx 0.496703];
ry = [ry 2.48336];
rx = [rx 0.408882];
ry = [ry 2.44296];
rx = [rx 0.457505];
ry = [ry 2.46936];
rx = [rx 0.4944];
ry = [ry 2.49162];
rx = [rx 0.427872];
ry = [ry 2.45744];
rx = [rx 0.457555];
ry = [ry 2.47657];
rx = [rx 0.468392];
ry = [ry 2.48567];
rx = [rx 0.514546];
ry = [ry 2.51771];
rx = [rx 0.497213];
ry = [ry 2.51032];
rx = [rx 0.496306];
ry = [ry 2.51336];
rx = [rx 0.450158];
ry = [ry 2.48436];
rx = [rx 0.466793];
ry = [ry 2.4992];
