rx = [];
ry = [];
rx = [rx -0.518552];
ry = [ry 1.78536];
rx = [rx -0.504353];
ry = [ry 1.77131];
rx = [rx -0.498866];
ry = [ry 1.75357];
rx = [rx -0.446505];
ry = [ry 1.75813];
rx = [rx -0.582839];
ry = [ry 1.67036];
rx = [rx -0.502918];
ry = [ry 1.68903];
rx = [rx -0.563515];
ry = [ry 1.63442];
rx = [rx -0.432041];
ry = [ry 1.68549];
rx = [rx -0.413323];
ry = [ry 1.67568];
rx = [rx -0.425664];
ry = [ry 1.64727];
rx = [rx -0.370498];
ry = [ry 1.66088];
rx = [rx -0.426056];
ry = [ry 1.60334];
rx = [rx -0.406397];
ry = [ry 1.59426];
rx = [rx -0.462291];
ry = [ry 1.53169];
rx = [rx -0.435281];
ry = [ry 1.527];
rx = [rx -0.417171];
ry = [ry 1.5163];
rx = [rx -0.414024];
ry = [ry 1.49403];
rx = [rx -0.434706];
ry = [ry 1.45157];
rx = [rx -0.331607];
ry = [ry 1.51303];
rx = [rx -0.415653];
ry = [ry 1.41416];
rx = [rx -0.360343];
ry = [ry 1.43711];
rx = [rx -0.432425];
ry = [ry 1.34169];
rx = [rx -0.350124];
ry = [ry 1.39243];
rx = [rx -0.3278];
ry = [ry 1.38675];
rx = [rx -0.341282];
ry = [ry 1.34386];
rx = [rx -0.329628];
ry = [ry 1.32636];
rx = [rx -0.301554];
ry = [ry 1.32718];
rx = [rx -0.295308];
ry = [ry 1.30344];
rx = [rx -0.293399];
ry = [ry 1.27365];
rx = [rx -0.267919];
ry = [ry 1.27233];
rx = [rx -0.116011];
ry = [ry 1.43688];
rx = [rx -0.169135];
ry = [ry 1.337];
rx = [rx -0.139361];
ry = [ry 1.3468];
rx = [rx -0.0929402];
ry = [ry 1.38241];
rx = [rx -0.0889032];
ry = [ry 1.3574];
rx = [rx -0.0736592];
ry = [ry 1.34881];
rx = [rx -0.0843626];
ry = [ry 1.29785];
rx = [rx -0.0128079];
ry = [ry 1.38342];
rx = [rx -0.0558116];
ry = [ry 1.27394];
rx = [rx 0.0671116];
ry = [ry 1.46211];
rx = [rx -0.0109172];
ry = [ry 1.28046];
rx = [rx 0.0390024];
ry = [ry 1.3405];
rx = [rx 0.0749967];
ry = [ry 1.37746];
rx = [rx 0.0831127];
ry = [ry 1.35723];
rx = [rx 0.0771619];
ry = [ry 1.30326];
rx = [rx 0.0969939];
ry = [ry 1.30694];
rx = [rx 0.124336];
ry = [ry 1.33077];
rx = [rx 0.145831];
ry = [ry 1.34214];
rx = [rx 0.164802];
ry = [ry 1.34827];
rx = [rx 0.133969];
ry = [ry 1.20649];
rx = [rx 0.163785];
ry = [ry 1.24081];
rx = [rx 0.216654];
ry = [ry 1.35832];
rx = [rx 0.232226];
ry = [ry 1.35765];
rx = [rx 0.234293];
ry = [ry 1.30508];
rx = [rx 0.277459];
ry = [ry 1.41673];
rx = [rx 0.283976];
ry = [ry 1.38166];
rx = [rx 0.323533];
ry = [ry 1.50386];
rx = [rx 0.304329];
ry = [ry 1.33218];
rx = [rx 0.32523];
ry = [ry 1.3647];
rx = [rx 0.341688];
ry = [ry 1.37576];
rx = [rx 0.357015];
ry = [ry 1.38176];
rx = [rx 0.381028];
ry = [ry 1.46701];
rx = [rx 0.386056];
ry = [ry 1.38556];
rx = [rx 0.401172];
ry = [ry 1.39735];
rx = [rx 0.417093];
ry = [ry 1.42997];
rx = [rx 0.432745];
ry = [ry 1.48363];
rx = [rx 0.444189];
ry = [ry 1.44624];
rx = [rx 0.456619];
ry = [ry 1.37004];
rx = [rx 0.470122];
ry = [ry 1.46041];
rx = [rx 0.482344];
ry = [ry 1.48143];
rx = [rx 0.494479];
ry = [ry 1.48815];
rx = [rx 0.505651];
ry = [ry 1.50692];
rx = [rx 0.509387];
ry = [ry 1.6113];
rx = [rx 0.521585];
ry = [ry 1.59103];
rx = [rx 0.532875];
ry = [ry 1.58521];
rx = [rx 0.549823];
ry = [ry 1.53855];
rx = [rx 0.553925];
ry = [ry 1.58878];
rx = [rx 0.56962];
ry = [ry 1.55973];
rx = [rx 0.556193];
ry = [ry 1.6931];
rx = [rx 0.576752];
ry = [ry 1.63678];
rx = [rx 0.570576];
ry = [ry 1.71014];
rx = [rx 0.603415];
ry = [ry 1.61068];
rx = [rx 0.612368];
ry = [ry 1.61779];
rx = [rx 0.603046];
ry = [ry 1.69];
rx = [rx 0.627791];
ry = [ry 1.63869];
rx = [rx 0.648677];
ry = [ry 1.6061];
rx = [rx 0.629136];
ry = [ry 1.69812];
rx = [rx 0.646477];
ry = [ry 1.6765];
rx = [rx 0.646934];
ry = [ry 1.70253];
rx = [rx 0.641633];
ry = [ry 1.74084];
rx = [rx 0.639388];
ry = [ry 1.76837];
rx = [rx 0.628243];
ry = [ry 1.81403];
rx = [rx 0.659921];
ry = [ry 1.76203];
rx = [rx 0.671115];
ry = [ry 1.75778];
rx = [rx 0.640462];
ry = [ry 1.83797];
rx = [rx 0.680897];
ry = [ry 1.77542];
rx = [rx 0.660398];
ry = [ry 1.8303];
rx = [rx 0.690496];
ry = [ry 1.79181];
rx = [rx 0.619492];
ry = [ry 1.92796];
rx = [rx 0.680046];
ry = [ry 1.83958];
rx = [rx 0.730204];
ry = [ry 1.77444];
rx = [rx 0.693639];
ry = [ry 1.84526];
rx = [rx 0.689234];
ry = [ry 1.8645];
rx = [rx 0.642868];
ry = [ry 1.94136];
rx = [rx 0.674778];
ry = [ry 1.90737];
rx = [rx 0.690914];
ry = [ry 1.89655];
rx = [rx 0.722361];
ry = [ry 1.86755];
rx = [rx 0.662772];
ry = [ry 1.95113];
rx = [rx 0.663832];
ry = [ry 1.9583];
rx = [rx 0.705063];
ry = [ry 1.9199];
rx = [rx 0.722071];
ry = [ry 1.91078];
rx = [rx 0.683222];
ry = [ry 1.96136];
rx = [rx 0.647905];
ry = [ry 2.00519];
rx = [rx 0.621017];
ry = [ry 2.03801];
rx = [rx 0.694989];
ry = [ry 1.97324];
rx = [rx 0.688683];
ry = [ry 1.98656];
rx = [rx 0.743301];
ry = [ry 1.94543];
rx = [rx 0.733836];
ry = [ry 1.96208];
rx = [rx 0.628971];
ry = [ry 2.05642];
rx = [rx 0.71012];
ry = [ry 1.99677];
rx = [rx 0.701092];
ry = [ry 2.01062];
rx = [rx 0.58818];
ry = [ry 2.10053];
rx = [rx 0.735844];
ry = [ry 1.99871];
rx = [rx 0.689414];
ry = [ry 2.03765];
rx = [rx 0.639102];
ry = [ry 2.07664];
rx = [rx 0.657606];
ry = [ry 2.06923];
rx = [rx 0.717951];
ry = [ry 2.03703];
rx = [rx 0.729937];
ry = [ry 2.03603];
rx = [rx 0.721251];
ry = [ry 2.04714];
rx = [rx 0.692563];
ry = [ry 2.06857];
rx = [rx 0.735275];
ry = [ry 2.05151];
rx = [rx 0.699983];
ry = [ry 2.07505];
rx = [rx 0.682628];
ry = [ry 2.08842];
rx = [rx 0.627581];
ry = [ry 2.11812];
rx = [rx 0.647276];
ry = [ry 2.11301];
rx = [rx 0.611822];
ry = [ry 2.13145];
rx = [rx 0.646378];
ry = [ry 2.12089];
rx = [rx 0.609204];
ry = [ry 2.13842];
rx = [rx 0.693637];
ry = [ry 2.11148];
rx = [rx 0.542806];
ry = [ry 2.16631];
rx = [rx 0.686217];
ry = [ry 2.12275];
rx = [rx 0.557661];
ry = [ry 2.16498];
rx = [rx 0.691884];
ry = [ry 2.12965];
rx = [rx 0.714274];
ry = [ry 2.12816];
rx = [rx 0.649329];
ry = [ry 2.14835];
rx = [rx 0.685277];
ry = [ry 2.14383];
rx = [rx 0.550893];
ry = [ry 2.17511];
rx = [rx 0.719382];
ry = [ry 2.14561];
rx = [rx 0.595558];
ry = [ry 2.17084];
rx = [rx 0.666104];
ry = [ry 2.16273];
rx = [rx 0.540773];
ry = [ry 2.18274];
rx = [rx 0.61378];
ry = [ry 2.17585];
rx = [rx 0.650805];
ry = [ry 2.17497];
rx = [rx 0.664254];
ry = [ry 2.17723];
rx = [rx 0.601825];
ry = [ry 2.18452];
rx = [rx 0.668395];
ry = [ry 2.18409];
rx = [rx 0.594368];
ry = [ry 2.18956];
rx = [rx 0.682892];
ry = [ry 2.19115];
rx = [rx 0.694847];
ry = [ry 2.1951];
rx = [rx 0.709245];
ry = [ry 2.19953];
rx = [rx 0.642818];
ry = [ry 2.20088];
rx = [rx 0.637679];
ry = [ry 2.2037];
rx = [rx 0.618801];
ry = [ry 2.20527];
rx = [rx 0.645353];
ry = [ry 2.21058];
rx = [rx 0.683567];
ry = [ry 2.21818];
rx = [rx 0.60208];
ry = [ry 2.21129];
rx = [rx 0.560879];
ry = [ry 2.20758];
rx = [rx 0.691693];
ry = [ry 2.23132];
rx = [rx 0.641477];
ry = [ry 2.22609];
rx = [rx 0.617703];
ry = [ry 2.22446];
rx = [rx 0.617067];
ry = [ry 2.22714];
rx = [rx 0.65546];
ry = [ry 2.23922];
rx = [rx 0.608274];
ry = [ry 2.23054];
rx = [rx 0.56932];
ry = [ry 2.22242];
rx = [rx 0.6373];
ry = [ry 2.24463];
rx = [rx 0.619587];
ry = [ry 2.24235];
rx = [rx 0.605493];
ry = [ry 2.24064];
rx = [rx 0.641061];
ry = [ry 2.25605];
rx = [rx 0.611308];
ry = [ry 2.24842];
rx = [rx 0.527081];
ry = [ry 2.21813];
rx = [rx 0.642896];
ry = [ry 2.26751];
rx = [rx 0.537743];
ry = [ry 2.22539];
rx = [rx 0.585276];
ry = [ry 2.24866];
rx = [rx 0.642898];
ry = [ry 2.2788];
rx = [rx 0.628622];
ry = [ry 2.27555];
rx = [rx 0.624638];
ry = [ry 2.27712];
rx = [rx 0.605412];
ry = [ry 2.27028];
rx = [rx 0.594299];
ry = [ry 2.26723];
rx = [rx 0.540365];
ry = [ry 2.23845];
rx = [rx 0.532394];
ry = [ry 2.2354];
rx = [rx 0.557409];
ry = [ry 2.25304];
rx = [rx 0.483769];
ry = [ry 2.20656];
rx = [rx 0.594778];
ry = [ry 2.28351];
rx = [rx 0.514537];
ry = [ry 2.2296];
rx = [rx 0.558319];
ry = [ry 2.26343];
rx = [rx 0.591184];
ry = [ry 2.29129];
rx = [rx 0.530972];
ry = [ry 2.24692];
rx = [rx 0.557216];
ry = [ry 2.27055];
rx = [rx 0.566461];
ry = [ry 2.28126];
rx = [rx 0.606903];
ry = [ry 2.32027];
rx = [rx 0.590974];
ry = [ry 2.3102];
rx = [rx 0.589592];
ry = [ry 2.31306];
rx = [rx 0.54867];
ry = [ry 2.27706];
rx = [rx 0.562721];
ry = [ry 2.29437];
