rx = [];
ry = [];
rx = [rx -0.727766];
ry = [ry 2.11139];
rx = [rx -0.717422];
ry = [ry 2.09431];
rx = [rx -0.716428];
ry = [ry 2.07576];
rx = [rx -0.664534];
ry = [ry 2.06742];
rx = [rx -0.818157];
ry = [ry 2.01555];
rx = [rx -0.736098];
ry = [ry 2.01416];
rx = [rx -0.808183];
ry = [ry 1.97598];
rx = [rx -0.668222];
ry = [ry 1.99344];
rx = [rx -0.652462];
ry = [ry 1.97937];
rx = [rx -0.67136];
ry = [ry 1.95482];
rx = [rx -0.614539];
ry = [ry 1.95457];
rx = [rx -0.682454];
ry = [ry 1.91231];
rx = [rx -0.665601];
ry = [ry 1.89872];
rx = [rx -0.735069];
ry = [ry 1.85166];
rx = [rx -0.710018];
ry = [ry 1.84053];
rx = [rx -0.695064];
ry = [ry 1.82574];
rx = [rx -0.697442];
ry = [ry 1.80337];
rx = [rx -0.727855];
ry = [ry 1.76724];
rx = [rx -0.612882];
ry = [ry 1.80169];
rx = [rx -0.718501];
ry = [ry 1.72631];
rx = [rx -0.659265];
ry = [ry 1.73508];
rx = [rx -0.752443];
ry = [ry 1.66011];
rx = [rx -0.660249];
ry = [ry 1.68926];
rx = [rx -0.639986];
ry = [ry 1.6783];
rx = [rx -0.663521];
ry = [ry 1.64];
rx = [rx -0.656487];
ry = [ry 1.62018];
rx = [rx -0.62906];
ry = [ry 1.61413];
rx = [rx -0.628794];
ry = [ry 1.58958];
rx = [rx -0.634206];
ry = [ry 1.56023];
rx = [rx -0.609819];
ry = [ry 1.55273];
rx = [rx -0.422365];
ry = [ry 1.67527];
rx = [rx -0.498245];
ry = [ry 1.59136];
rx = [rx -0.466981];
ry = [ry 1.5936];
rx = [rx -0.413276];
ry = [ry 1.61682];
rx = [rx -0.41546];
ry = [ry 1.59158];
rx = [rx -0.402773];
ry = [ry 1.57952];
rx = [rx -0.425579];
ry = [ry 1.53272];
rx = [rx -0.335317];
ry = [ry 1.59825];
rx = [rx -0.403721];
ry = [ry 1.50257];
rx = [rx -0.238621];
ry = [ry 1.65507];
rx = [rx -0.358592];
ry = [ry 1.49794];
rx = [rx -0.295538];
ry = [ry 1.544];
rx = [rx -0.251618];
ry = [ry 1.57106];
rx = [rx -0.24868];
ry = [ry 1.54946];
rx = [rx -0.267612];
ry = [ry 1.49857];
rx = [rx -0.247483];
ry = [ry 1.4973];
rx = [rx -0.215154];
ry = [ry 1.51375];
rx = [rx -0.191536];
ry = [ry 1.51953];
rx = [rx -0.171643];
ry = [ry 1.52085];
rx = [rx -0.236121];
ry = [ry 1.39087];
rx = [rx -0.198835];
ry = [ry 1.41688];
rx = [rx -0.118905];
ry = [ry 1.51795];
rx = [rx -0.103967];
ry = [ry 1.5135];
rx = [rx -0.114783];
ry = [ry 1.46201];
rx = [rx -0.0456912];
ry = [ry 1.55977];
rx = [rx -0.0479231];
ry = [ry 1.52417];
rx = [rx 0.0202421];
ry = [ry 1.63303];
rx = [rx -0.0402522];
ry = [ry 1.47122];
rx = [rx -0.0120518];
ry = [ry 1.49766];
rx = [rx 0.00660552];
ry = [ry 1.50436];
rx = [rx 0.0229348];
ry = [ry 1.50645];
rx = [rx 0.0670124];
ry = [ry 1.58327];
rx = [rx 0.0520246];
ry = [ry 1.50305];
rx = [rx 0.0695593];
ry = [ry 1.5108];
rx = [rx 0.0929559];
ry = [ry 1.53855];
rx = [rx 0.121221];
ry = [ry 1.58677];
rx = [rx 0.123203];
ry = [ry 1.54773];
rx = [rx 0.116673];
ry = [ry 1.47079];
rx = [rx 0.151807];
ry = [ry 1.55514];
rx = [rx 0.168786];
ry = [ry 1.57254];
rx = [rx 0.182193];
ry = [ry 1.5761];
rx = [rx 0.197607];
ry = [ry 1.59158];
rx = [rx 0.226685];
ry = [ry 1.6919];
rx = [rx 0.233572];
ry = [ry 1.66927];
rx = [rx 0.243102];
ry = [ry 1.66087];
rx = [rx 0.248159];
ry = [ry 1.61149];
rx = [rx 0.264387];
ry = [ry 1.6592];
rx = [rx 0.272524];
ry = [ry 1.6272];
rx = [rx 0.292027];
ry = [ry 1.75981];
rx = [rx 0.298231];
ry = [ry 1.70018];
rx = [rx 0.310133];
ry = [ry 1.77283];
rx = [rx 0.317724];
ry = [ry 1.66837];
rx = [rx 0.32814];
ry = [ry 1.67308];
rx = [rx 0.336709];
ry = [ry 1.74538];
rx = [rx 0.348194];
ry = [ry 1.68958];
rx = [rx 0.360501];
ry = [ry 1.65288];
rx = [rx 0.363993];
ry = [ry 1.74689];
rx = [rx 0.375537];
ry = [ry 1.72169];
rx = [rx 0.382328];
ry = [ry 1.74683];
rx = [rx 0.386531];
ry = [ry 1.78528];
rx = [rx 0.391068];
ry = [ry 1.81252];
rx = [rx 0.391395];
ry = [ry 1.85952];
rx = [rx 0.409434];
ry = [ry 1.80136];
rx = [rx 0.419253];
ry = [ry 1.79451];
rx = [rx 0.409083];
ry = [ry 1.87976];
rx = [rx 0.433042];
ry = [ry 1.80923];
rx = [rx 0.426546];
ry = [ry 1.86745];
rx = [rx 0.446348];
ry = [ry 1.82278];
rx = [rx 0.410694];
ry = [ry 1.97215];
rx = [rx 0.447865];
ry = [ry 1.87167];
rx = [rx 0.480621];
ry = [ry 1.79626];
rx = [rx 0.462433];
ry = [ry 1.87386];
rx = [rx 0.462853];
ry = [ry 1.89359];
rx = [rx 0.436632];
ry = [ry 1.97944];
rx = [rx 0.459289];
ry = [ry 1.93869];
rx = [rx 0.4723];
ry = [ry 1.92427];
rx = [rx 0.495724];
ry = [ry 1.88847];
rx = [rx 0.458316];
ry = [ry 1.98406];
rx = [rx 0.461095];
ry = [ry 1.99076];
rx = [rx 0.491715];
ry = [ry 1.94346];
rx = [rx 0.505985];
ry = [ry 1.93047];
rx = [rx 0.480644];
ry = [ry 1.98899];
rx = [rx 0.457083];
ry = [ry 2.04011];
rx = [rx 0.439011];
ry = [ry 2.0785];
rx = [rx 0.494953];
ry = [ry 1.99764];
rx = [rx 0.492087];
ry = [ry 2.0121];
rx = [rx 0.535025];
ry = [ry 1.95889];
rx = [rx 0.529906];
ry = [ry 1.97734];
rx = [rx 0.451216];
ry = [ry 2.09442];
rx = [rx 0.515365];
ry = [ry 2.01677];
rx = [rx 0.509987];
ry = [ry 2.0324];
rx = [rx 0.422414];
ry = [ry 2.14714];
rx = [rx 0.540787];
ry = [ry 2.01238];
rx = [rx 0.505256];
ry = [ry 2.06147];
rx = [rx 0.46597];
ry = [ry 2.11155];
rx = [rx 0.482109];
ry = [ry 2.09985];
rx = [rx 0.532779];
ry = [ry 2.05391];
rx = [rx 0.544159];
ry = [ry 2.05001];
rx = [rx 0.538445];
ry = [ry 2.06291];
rx = [rx 0.51585];
ry = [ry 2.09069];
rx = [rx 0.553112];
ry = [ry 2.06372];
rx = [rx 0.524625];
ry = [ry 2.09516];
rx = [rx 0.511057];
ry = [ry 2.11236];
rx = [rx 0.464913];
ry = [ry 2.15459];
rx = [rx 0.482768];
ry = [ry 2.14483];
rx = [rx 0.452882];
ry = [ry 2.17136];
rx = [rx 0.483819];
ry = [ry 2.15269];
rx = [rx 0.452043];
ry = [ry 2.17876];
rx = [rx 0.527357];
ry = [ry 2.13204];
rx = [rx 0.394452];
ry = [ry 2.222];
rx = [rx 0.52291];
ry = [ry 2.14478];
rx = [rx 0.408534];
ry = [ry 2.21709];
rx = [rx 0.530089];
ry = [ry 2.15009];
rx = [rx 0.551439];
ry = [ry 2.14318];
rx = [rx 0.493378];
ry = [ry 2.1786];
rx = [rx 0.527139];
ry = [ry 2.16545];
rx = [rx 0.404442];
ry = [ry 2.22857];
rx = [rx 0.560648];
ry = [ry 2.15886];
rx = [rx 0.446717];
ry = [ry 2.21353];
rx = [rx 0.513153];
ry = [ry 2.18845];
rx = [rx 0.396486];
ry = [ry 2.23843];
rx = [rx 0.46561];
ry = [ry 2.21394];
rx = [rx 0.501303];
ry = [ry 2.20406];
rx = [rx 0.514895];
ry = [ry 2.20297];
rx = [rx 0.45613];
ry = [ry 2.22527];
rx = [rx 0.520586];
ry = [ry 2.20862];
rx = [rx 0.450127];
ry = [ry 2.23197];
rx = [rx 0.536366];
ry = [ry 2.21192];
rx = [rx 0.548923];
ry = [ry 2.21284];
rx = [rx 0.563967];
ry = [ry 2.21363];
rx = [rx 0.499875];
ry = [ry 2.23113];
rx = [rx 0.49558];
ry = [ry 2.23513];
rx = [rx 0.477653];
ry = [ry 2.24124];
rx = [rx 0.504699];
ry = [ry 2.23992];
rx = [rx 0.543613];
ry = [ry 2.23798];
rx = [rx 0.462907];
ry = [ry 2.25117];
rx = [rx 0.422043];
ry = [ry 2.25761];
rx = [rx 0.554698];
ry = [ry 2.24874];
rx = [rx 0.504722];
ry = [ry 2.25591];
rx = [rx 0.48127];
ry = [ry 2.26013];
rx = [rx 0.481306];
ry = [ry 2.26288];
rx = [rx 0.521485];
ry = [ry 2.26523];
rx = [rx 0.473609];
ry = [ry 2.26833];
rx = [rx 0.433851];
ry = [ry 2.26995];
rx = [rx 0.505192];
ry = [ry 2.2749];
rx = [rx 0.487459];
ry = [ry 2.27702];
rx = [rx 0.473374];
ry = [ry 2.2788];
rx = [rx 0.511626];
ry = [ry 2.28507];
rx = [rx 0.48091];
ry = [ry 2.28492];
rx = [rx 0.39184];
ry = [ry 2.27609];
rx = [rx 0.5162];
ry = [ry 2.29573];
rx = [rx 0.403951];
ry = [ry 2.28053];
rx = [rx 0.455724];
ry = [ry 2.29151];
rx = [rx 0.518956];
ry = [ry 2.30668];
rx = [rx 0.504319];
ry = [ry 2.30702];
rx = [rx 0.500836];
ry = [ry 2.3095];
rx = [rx 0.480522];
ry = [ry 2.30756];
rx = [rx 0.469002];
ry = [ry 2.30731];
rx = [rx 0.409679];
ry = [ry 2.29256];
rx = [rx 0.401203];
ry = [ry 2.29154];
rx = [rx 0.429767];
ry = [ry 2.30255];
rx = [rx 0.347014];
ry = [ry 2.27543];
rx = [rx 0.473436];
ry = [ry 2.32298];
rx = [rx 0.382473];
ry = [ry 2.29028];
rx = [rx 0.433181];
ry = [ry 2.3124];
rx = [rx 0.47185];
ry = [ry 2.33141];
rx = [rx 0.402635];
ry = [ry 2.30306];
rx = [rx 0.43385];
ry = [ry 2.31958];
rx = [rx 0.445427];
ry = [ry 2.32771];
rx = [rx 0.494161];
ry = [ry 2.35568];
rx = [rx 0.476258];
ry = [ry 2.3498];
rx = [rx 0.475616];
ry = [ry 2.35291];
rx = [rx 0.427148];
ry = [ry 2.32797];
rx = [rx 0.444996];
ry = [ry 2.34134];
