rx = [];
ry = [];
rx = [rx -0.422005];
ry = [ry 1.65501];
rx = [rx -0.407304];
ry = [ry 1.64148];
rx = [rx -0.401177];
ry = [ry 1.62395];
rx = [rx -0.349016];
ry = [ry 1.63042];
rx = [rx -0.482072];
ry = [ry 1.53775];
rx = [rx -0.402883];
ry = [ry 1.55931];
rx = [rx -0.461456];
ry = [ry 1.50253];
rx = [rx -0.331924];
ry = [ry 1.55835];
rx = [rx -0.312862];
ry = [ry 1.54923];
rx = [rx -0.324163];
ry = [ry 1.52038];
rx = [rx -0.269527];
ry = [ry 1.53599];
rx = [rx -0.322959];
ry = [ry 1.47646];
rx = [rx -0.302984];
ry = [ry 1.46811];
rx = [rx -0.356568];
ry = [ry 1.40355];
rx = [rx -0.329406];
ry = [ry 1.39984];
rx = [rx -0.310919];
ry = [ry 1.38981];
rx = [rx -0.306965];
ry = [ry 1.36767];
rx = [rx -0.326092];
ry = [ry 1.32449];
rx = [rx -0.225293];
ry = [ry 1.38964];
rx = [rx -0.305693];
ry = [ry 1.28779];
rx = [rx -0.251253];
ry = [ry 1.31273];
rx = [rx -0.319823];
ry = [ry 1.21476];
rx = [rx -0.239418];
ry = [ry 1.26846];
rx = [rx -0.216902];
ry = [ry 1.26359];
rx = [rx -0.228819];
ry = [ry 1.22024];
rx = [rx -0.216537];
ry = [ry 1.20317];
rx = [rx -0.188511];
ry = [ry 1.20501];
rx = [rx -0.181407];
ry = [ry 1.18151];
rx = [rx -0.178417];
ry = [ry 1.15182];
rx = [rx -0.152906];
ry = [ry 1.15142];
rx = [rx -0.00707389];
ry = [ry 1.32138];
rx = [rx -0.0565361];
ry = [ry 1.21964];
rx = [rx -0.0271372];
ry = [ry 1.23051];
rx = [rx 0.0179598];
ry = [ry 1.26778];
rx = [rx 0.0229023];
ry = [ry 1.24294];
rx = [rx 0.0384485];
ry = [ry 1.2349];
rx = [rx 0.0296025];
ry = [ry 1.18359];
rx = [rx 0.0980026];
ry = [ry 1.2717];
rx = [rx 0.0590029];
ry = [ry 1.16074];
rx = [rx 0.175012];
ry = [ry 1.35324];
rx = [rx 0.103631];
ry = [ry 1.16888];
rx = [rx 0.151337];
ry = [ry 1.23069];
rx = [rx 0.185966];
ry = [ry 1.26893];
rx = [rx 0.194811];
ry = [ry 1.24901];
rx = [rx 0.190824];
ry = [ry 1.19487];
rx = [rx 0.210509];
ry = [ry 1.19926];
rx = [rx 0.236968];
ry = [ry 1.22407];
rx = [rx 0.258036];
ry = [ry 1.23621];
rx = [rx 0.276772];
ry = [ry 1.24302];
rx = [rx 0.251108];
ry = [ry 1.10022];
rx = [rx 0.279658];
ry = [ry 1.1356];
rx = [rx 0.328225];
ry = [ry 1.25495];
rx = [rx 0.343811];
ry = [ry 1.25485];
rx = [rx 0.347786];
ry = [ry 1.20239];
rx = [rx 0.386868];
ry = [ry 1.31553];
rx = [rx 0.394655];
ry = [ry 1.28072];
rx = [rx 0.429748];
ry = [ry 1.40428];
rx = [rx 0.416791];
ry = [ry 1.23201];
rx = [rx 0.436498];
ry = [ry 1.26527];
rx = [rx 0.452543];
ry = [ry 1.27692];
rx = [rx 0.467641];
ry = [ry 1.28348];
rx = [rx 0.488543];
ry = [ry 1.36954];
rx = [rx 0.496526];
ry = [ry 1.28832];
rx = [rx 0.511203];
ry = [ry 1.30065];
rx = [rx 0.52593];
ry = [ry 1.33383];
rx = [rx 0.539623];
ry = [ry 1.38802];
rx = [rx 0.552417];
ry = [ry 1.35108];
rx = [rx 0.567606];
ry = [ry 1.27538];
rx = [rx 0.577818];
ry = [ry 1.36618];
rx = [rx 0.589269];
ry = [ry 1.38762];
rx = [rx 0.601152];
ry = [ry 1.39478];
rx = [rx 0.611634];
ry = [ry 1.41395];
rx = [rx 0.611578];
ry = [ry 1.51839];
rx = [rx 0.624503];
ry = [ry 1.49858];
rx = [rx 0.635997];
ry = [ry 1.49318];
rx = [rx 0.654628];
ry = [ry 1.44716];
rx = [rx 0.656904];
ry = [ry 1.49751];
rx = [rx 0.673644];
ry = [ry 1.46905];
rx = [rx 0.655382];
ry = [ry 1.60184];
rx = [rx 0.677972];
ry = [ry 1.54631];
rx = [rx 0.669137];
ry = [ry 1.61939];
rx = [rx 0.705566];
ry = [ry 1.52119];
rx = [rx 0.714255];
ry = [ry 1.52862];
rx = [rx 0.702317];
ry = [ry 1.60044];
rx = [rx 0.728909];
ry = [ry 1.55007];
rx = [rx 0.750965];
ry = [ry 1.51825];
rx = [rx 0.728095];
ry = [ry 1.6095];
rx = [rx 0.74621];
ry = [ry 1.58853];
rx = [rx 0.745721];
ry = [ry 1.61456];
rx = [rx 0.739032];
ry = [ry 1.65265];
rx = [rx 0.735789];
ry = [ry 1.68008];
rx = [rx 0.722993];
ry = [ry 1.72531];
rx = [rx 0.756538];
ry = [ry 1.67449];
rx = [rx 0.767879];
ry = [ry 1.67065];
rx = [rx 0.734335];
ry = [ry 1.74967];
rx = [rx 0.777015];
ry = [ry 1.68863];
rx = [rx 0.754536];
ry = [ry 1.74273];
rx = [rx 0.786011];
ry = [ry 1.70536];
rx = [rx 0.710111];
ry = [ry 1.83885];
rx = [rx 0.773833];
ry = [ry 1.75272];
rx = [rx 0.826324];
ry = [ry 1.68944];
rx = [rx 0.787211];
ry = [ry 1.7589];
rx = [rx 0.782111];
ry = [ry 1.77796];
rx = [rx 0.732984];
ry = [ry 1.85309];
rx = [rx 0.766107];
ry = [ry 1.82028];
rx = [rx 0.782626];
ry = [ry 1.81005];
rx = [rx 0.815105];
ry = [ry 1.78221];
rx = [rx 0.752521];
ry = [ry 1.86357];
rx = [rx 0.753319];
ry = [ry 1.87078];
rx = [rx 0.795918];
ry = [ry 1.8339];
rx = [rx 0.813245];
ry = [ry 1.8254];
rx = [rx 0.772586];
ry = [ry 1.87453];
rx = [rx 0.735701];
ry = [ry 1.91705];
rx = [rx 0.707638];
ry = [ry 1.94887];
rx = [rx 0.783913];
ry = [ry 1.88683];
rx = [rx 0.777128];
ry = [ry 1.89992];
rx = [rx 0.833203];
ry = [ry 1.8608];
rx = [rx 0.82314];
ry = [ry 1.87709];
rx = [rx 0.714918];
ry = [ry 1.96757];
rx = [rx 0.798179];
ry = [ry 1.9109];
rx = [rx 0.788654];
ry = [ry 1.92441];
rx = [rx 0.672552];
ry = [ry 2.01016];
rx = [rx 0.823817];
ry = [ry 1.91377];
rx = [rx 0.776003];
ry = [ry 1.951];
rx = [rx 0.724308];
ry = [ry 1.98813];
rx = [rx 0.743069];
ry = [ry 1.9814];
rx = [rx 0.804543];
ry = [ry 1.95142];
rx = [rx 0.816558];
ry = [ry 1.95085];
rx = [rx 0.807474];
ry = [ry 1.96164];
rx = [rx 0.778027];
ry = [ry 1.98201];
rx = [rx 0.821331];
ry = [ry 1.96651];
rx = [rx 0.785206];
ry = [ry 1.98876];
rx = [rx 0.767378];
ry = [ry 2.00149];
rx = [rx 0.711288];
ry = [ry 2.02917];
rx = [rx 0.731156];
ry = [ry 2.02478];
rx = [rx 0.695056];
ry = [ry 2.04192];
rx = [rx 0.729973];
ry = [ry 2.03262];
rx = [rx 0.692186];
ry = [ry 2.04879];
rx = [rx 0.777542];
ry = [ry 2.02493];
rx = [rx 0.624819];
ry = [ry 2.07425];
rx = [rx 0.769718];
ry = [ry 2.03593];
rx = [rx 0.639712];
ry = [ry 2.07346];
rx = [rx 0.77513];
ry = [ry 2.04303];
rx = [rx 0.79756];
ry = [ry 2.04235];
rx = [rx 0.731924];
ry = [ry 2.06017];
rx = [rx 0.768013];
ry = [ry 2.05696];
rx = [rx 0.632581];
ry = [ry 2.08334];
rx = [rx 0.80203];
ry = [ry 2.05998];
rx = [rx 0.677372];
ry = [ry 2.0807];
rx = [rx 0.748166];
ry = [ry 2.07515];
rx = [rx 0.622191];
ry = [ry 2.09059];
rx = [rx 0.6954];
ry = [ry 2.08636];
rx = [rx 0.732432];
ry = [ry 2.08683];
rx = [rx 0.745791];
ry = [ry 2.08957];
rx = [rx 0.683138];
ry = [ry 2.09459];
rx = [rx 0.74968];
ry = [ry 2.09658];
rx = [rx 0.675503];
ry = [ry 2.09936];
rx = [rx 0.763911];
ry = [ry 2.10416];
rx = [rx 0.775715];
ry = [ry 2.10854];
rx = [rx 0.789942];
ry = [ry 2.11349];
rx = [rx 0.72351];
ry = [ry 2.11243];
rx = [rx 0.718272];
ry = [ry 2.11507];
rx = [rx 0.69935];
ry = [ry 2.11594];
rx = [rx 0.725691];
ry = [ry 2.12222];
rx = [rx 0.763604];
ry = [ry 2.1312];
rx = [rx 0.682421];
ry = [ry 2.12136];
rx = [rx 0.641381];
ry = [ry 2.11615];
rx = [rx 0.771247];
ry = [ry 2.14463];
rx = [rx 0.721254];
ry = [ry 2.13757];
rx = [rx 0.697555];
ry = [ry 2.13509];
rx = [rx 0.696822];
ry = [ry 2.13774];
rx = [rx 0.734751];
ry = [ry 2.15121];
rx = [rx 0.687911];
ry = [ry 2.14082];
rx = [rx 0.649278];
ry = [ry 2.13129];
rx = [rx 0.716407];
ry = [ry 2.15595];
rx = [rx 0.698788];
ry = [ry 2.15303];
rx = [rx 0.684766];
ry = [ry 2.15081];
rx = [rx 0.719751];
ry = [ry 2.1675];
rx = [rx 0.690295];
ry = [ry 2.15879];
rx = [rx 0.607222];
ry = [ry 2.12547];
rx = [rx 0.721168];
ry = [ry 2.17902];
rx = [rx 0.617613];
ry = [ry 2.13311];
rx = [rx 0.664271];
ry = [ry 2.15809];
rx = [rx 0.720761];
ry = [ry 2.1903];
rx = [rx 0.706612];
ry = [ry 2.18654];
rx = [rx 0.702573];
ry = [ry 2.18796];
rx = [rx 0.683608];
ry = [ry 2.18042];
rx = [rx 0.672614];
ry = [ry 2.17697];
rx = [rx 0.61976];
ry = [ry 2.14626];
rx = [rx 0.611905];
ry = [ry 2.14291];
rx = [rx 0.636263];
ry = [ry 2.16146];
rx = [rx 0.56436];
ry = [ry 2.11233];
rx = [rx 0.672501];
ry = [ry 2.19326];
rx = [rx 0.594271];
ry = [ry 2.13648];
rx = [rx 0.636795];
ry = [ry 2.17187];
rx = [rx 0.668627];
ry = [ry 2.20091];
rx = [rx 0.610065];
ry = [ry 2.15438];
rx = [rx 0.635434];
ry = [ry 2.17895];
rx = [rx 0.644284];
ry = [ry 2.18999];
rx = [rx 0.683283];
ry = [ry 2.23044];
rx = [rx 0.66773];
ry = [ry 2.2198];
rx = [rx 0.666245];
ry = [ry 2.22261];
rx = [rx 0.626658];
ry = [ry 2.18514];
rx = [rx 0.64007];
ry = [ry 2.20295];
