rx = [];
ry = [];
rx = [rx -0.63019];
ry = [ry 2.12627];
rx = [rx -0.626324];
ry = [ry 2.10667];
rx = [rx -0.631743];
ry = [ry 2.08891];
rx = [rx -0.585844];
ry = [ry 2.0633];
rx = [rx -0.747944];
ry = [ry 2.06718];
rx = [rx -0.671322];
ry = [ry 2.03777];
rx = [rx -0.752126];
ry = [ry 2.02658];
rx = [rx -0.614648];
ry = [ry 1.99506];
rx = [rx -0.604662];
ry = [ry 1.97643];
rx = [rx -0.630826];
ry = [ry 1.95984];
rx = [rx -0.577528];
ry = [ry 1.94014];
rx = [rx -0.655808];
ry = [ry 1.92371];
rx = [rx -0.644631];
ry = [ry 1.90516];
rx = [rx -0.726015];
ry = [ry 1.88475];
rx = [rx -0.706293];
ry = [ry 1.86571];
rx = [rx -0.697309];
ry = [ry 1.84669];
rx = [rx -0.707204];
ry = [ry 1.82649];
rx = [rx -0.748153];
ry = [ry 1.80296];
rx = [rx -0.628334];
ry = [ry 1.79595];
rx = [rx -0.753383];
ry = [ry 1.76131];
rx = [rx -0.694728];
ry = [ry 1.74925];
rx = [rx -0.807946];
ry = [ry 1.71074];
rx = [rx -0.711347];
ry = [ry 1.70654];
rx = [rx -0.696062];
ry = [ry 1.68931];
rx = [rx -0.731293];
ry = [ry 1.66138];
rx = [rx -0.731472];
ry = [ry 1.64035];
rx = [rx -0.707777];
ry = [ry 1.62528];
rx = [rx -0.715935];
ry = [ry 1.60212];
rx = [rx -0.731073];
ry = [ry 1.5764];
rx = [rx -0.71073];
ry = [ry 1.561];
rx = [rx -0.492643];
ry = [ry 1.61192];
rx = [rx -0.592675];
ry = [ry 1.55907];
rx = [rx -0.562535];
ry = [ry 1.55047];
rx = [rx -0.504126];
ry = [ry 1.55389];
rx = [rx -0.514822];
ry = [ry 1.53092];
rx = [rx -0.507032];
ry = [ry 1.51525];
rx = [rx -0.54449];
ry = [ry 1.47909];
rx = [rx -0.437242];
ry = [ry 1.50974];
rx = [rx -0.534281];
ry = [ry 1.44328];
rx = [rx -0.326932];
ry = [ry 1.53001];
rx = [rx -0.493466];
ry = [ry 1.42348];
rx = [rx -0.418452];
ry = [ry 1.44514];
rx = [rx -0.36792];
ry = [ry 1.45552];
rx = [rx -0.372556];
ry = [ry 1.43423];
rx = [rx -0.407773];
ry = [ry 1.39291];
rx = [rx -0.389297];
ry = [ry 1.38481];
rx = [rx -0.353292];
ry = [ry 1.38919];
rx = [rx -0.329121];
ry = [ry 1.38653];
rx = [rx -0.30998];
ry = [ry 1.38096];
rx = [rx -0.415077];
ry = [ry 1.28093];
rx = [rx -0.371137];
ry = [ry 1.2926];
rx = [rx -0.261426];
ry = [ry 1.36017];
rx = [rx -0.248915];
ry = [ry 1.35088];
rx = [rx -0.276711];
ry = [ry 1.30621];
rx = [rx -0.178316];
ry = [ry 1.37438];
rx = [rx -0.192607];
ry = [ry 1.3417];
rx = [rx -0.0912765];
ry = [ry 1.42063];
rx = [rx -0.203537];
ry = [ry 1.28933];
rx = [rx -0.167986];
ry = [ry 1.30451];
rx = [rx -0.148159];
ry = [ry 1.30442];
rx = [rx -0.132103];
ry = [ry 1.30079];
rx = [rx -0.0643804];
ry = [ry 1.35786];
rx = [rx -0.105938];
ry = [ry 1.28763];
rx = [rx -0.0868103];
ry = [ry 1.2889];
rx = [rx -0.0553224];
ry = [ry 1.30696];
rx = [rx -0.0122512];
ry = [ry 1.34258];
rx = [rx -0.0237624];
ry = [ry 1.30522];
rx = [rx -0.0562487];
ry = [ry 1.23518];
rx = [rx 0.0056513];
ry = [ry 1.30239];
rx = [rx 0.0275623];
ry = [ry 1.31292];
rx = [rx 0.0413769];
ry = [ry 1.31167];
rx = [rx 0.0611632];
ry = [ry 1.32094];
rx = [rx 0.122841];
ry = [ry 1.40523];
rx = [rx 0.12156];
ry = [ry 1.38161];
rx = [rx 0.127638];
ry = [ry 1.37045];
rx = [rx 0.115474];
ry = [ry 1.32233];
rx = [rx 0.147063];
ry = [ry 1.36159];
rx = [rx 0.143747];
ry = [ry 1.32874];
rx = [rx 0.207492];
ry = [ry 1.44665];
rx = [rx 0.192897];
ry = [ry 1.38851];
rx = [rx 0.228963];
ry = [ry 1.45268];
rx = [rx 0.200313];
ry = [ry 1.35194];
rx = [rx 0.211714];
ry = [ry 1.3528];
rx = [rx 0.244528];
ry = [ry 1.41779];
rx = [rx 0.236208];
ry = [ry 1.36144];
rx = [rx 0.2352];
ry = [ry 1.32274];
rx = [rx 0.27068];
ry = [ry 1.40986];
rx = [rx 0.272894];
ry = [ry 1.38223];
rx = [rx 0.287884];
ry = [ry 1.40352];
rx = [rx 0.305003];
ry = [ry 1.43821];
rx = [rx 0.318598];
ry = [ry 1.46225];
rx = [rx 0.335003];
ry = [ry 1.5063];
rx = [rx 0.332029];
ry = [ry 1.44548];
rx = [rx 0.338907];
ry = [ry 1.43567];
rx = [rx 0.358552];
ry = [ry 1.51925];
rx = [rx 0.356904];
ry = [ry 1.44478];
rx = [rx 0.370744];
ry = [ry 1.50171];
rx = [rx 0.374048];
ry = [ry 1.45296];
rx = [rx 0.391711];
ry = [ry 1.6055];
rx = [rx 0.392217];
ry = [ry 1.49837];
rx = [rx 0.397161];
ry = [ry 1.41629];
rx = [rx 0.406656];
ry = [ry 1.49544];
rx = [rx 0.413807];
ry = [ry 1.51383];
rx = [rx 0.418579];
ry = [ry 1.60347];
rx = [rx 0.425907];
ry = [ry 1.55742];
rx = [rx 0.43319];
ry = [ry 1.53941];
rx = [rx 0.442937];
ry = [ry 1.49776];
rx = [rx 0.440531];
ry = [ry 1.60037];
rx = [rx 0.445438];
ry = [ry 1.60572];
rx = [rx 0.458003];
ry = [ry 1.55079];
rx = [rx 0.466962];
ry = [ry 1.5337];
rx = [rx 0.463198];
ry = [ry 1.59736];
rx = [rx 0.458571];
ry = [ry 1.65346];
rx = [rx 0.454741];
ry = [ry 1.69572];
rx = [rx 0.479605];
ry = [ry 1.60059];
rx = [rx 0.481865];
ry = [ry 1.61516];
rx = [rx 0.503982];
ry = [ry 1.55046];
rx = [rx 0.505491];
ry = [ry 1.56955];
rx = [rx 0.471662];
ry = [ry 1.70649];
rx = [rx 0.505334];
ry = [ry 1.61157];
rx = [rx 0.505636];
ry = [ry 1.6281];
rx = [rx 0.462661];
ry = [ry 1.76589];
rx = [rx 0.527715];
ry = [ry 1.59874];
rx = [rx 0.511148];
ry = [ry 1.65703];
rx = [rx 0.491391];
ry = [ry 1.71753];
rx = [rx 0.502548];
ry = [ry 1.70102];
rx = [rx 0.534416];
ry = [ry 1.6405];
rx = [rx 0.543774];
ry = [ry 1.63294];
rx = [rx 0.54282];
ry = [ry 1.64701];
rx = [rx 0.531107];
ry = [ry 1.68085];
rx = [rx 0.55688];
ry = [ry 1.64276];
rx = [rx 0.540885];
ry = [ry 1.68205];
rx = [rx 0.534029];
ry = [ry 1.70286];
rx = [rx 0.505139];
ry = [ry 1.75833];
rx = [rx 0.518571];
ry = [ry 1.74305];
rx = [rx 0.499582];
ry = [ry 1.77821];
rx = [rx 0.522251];
ry = [ry 1.75007];
rx = [rx 0.501326];
ry = [ry 1.78545];
rx = [rx 0.556083];
ry = [ry 1.71576];
rx = [rx 0.462031];
ry = [ry 1.8458];
rx = [rx 0.556271];
ry = [ry 1.72926];
rx = [rx 0.473578];
ry = [ry 1.83636];
rx = [rx 0.564834];
ry = [ry 1.73179];
rx = [rx 0.582525];
ry = [ry 1.71798];
rx = [rx 0.540109];
ry = [ry 1.77115];
rx = [rx 0.567324];
ry = [ry 1.74723];
rx = [rx 0.473665];
ry = [ry 1.84855];
rx = [rx 0.596548];
ry = [ry 1.72956];
rx = [rx 0.508233];
ry = [ry 1.81994];
rx = [rx 0.562061];
ry = [ry 1.77363];
rx = [rx 0.469568];
ry = [ry 1.86054];
rx = [rx 0.526124];
ry = [ry 1.81386];
rx = [rx 0.556274];
ry = [ry 1.79235];
rx = [rx 0.568669];
ry = [ry 1.78666];
rx = [rx 0.521097];
ry = [ry 1.82774];
rx = [rx 0.575951];
ry = [ry 1.79002];
rx = [rx 0.517754];
ry = [ry 1.8361];
rx = [rx 0.591908];
ry = [ry 1.78773];
rx = [rx 0.604019];
ry = [ry 1.78428];
rx = [rx 0.618423];
ry = [ry 1.77987];
rx = [rx 0.564205];
ry = [ry 1.81827];
rx = [rx 0.561538];
ry = [ry 1.8235];
rx = [rx 0.54679];
ry = [ry 1.83538];
rx = [rx 0.571748];
ry = [ry 1.82488];
rx = [rx 0.607641];
ry = [ry 1.80972];
rx = [rx 0.536335];
ry = [ry 1.84976];
rx = [rx 0.50015];
ry = [ry 1.86981];
rx = [rx 0.621742];
ry = [ry 1.81603];
rx = [rx 0.577245];
ry = [ry 1.83989];
rx = [rx 0.556657];
ry = [ry 1.85189];
rx = [rx 0.557634];
ry = [ry 1.85446];
rx = [rx 0.596188];
ry = [ry 1.84291];
rx = [rx 0.552267];
ry = [ry 1.86221];
rx = [rx 0.515471];
ry = [ry 1.87736];
rx = [rx 0.584193];
ry = [ry 1.85758];
rx = [rx 0.568257];
ry = [ry 1.86563];
rx = [rx 0.555634];
ry = [ry 1.87213];
rx = [rx 0.593718];
ry = [ry 1.86492];
rx = [rx 0.564811];
ry = [ry 1.8753];
rx = [rx 0.478104];
ry = [ry 1.89752];
rx = [rx 0.601669];
ry = [ry 1.87337];
rx = [rx 0.491004];
ry = [ry 1.89754];
rx = [rx 0.543404];
ry = [ry 1.89012];
rx = [rx 0.608008];
ry = [ry 1.88271];
rx = [rx 0.594372];
ry = [ry 1.88804];
rx = [rx 0.591951];
ry = [ry 1.89157];
rx = [rx 0.5722];
ry = [ry 1.8967];
rx = [rx 0.561291];
ry = [ry 1.90042];
rx = [rx 0.500505];
ry = [ry 1.90688];
rx = [rx 0.492191];
ry = [ry 1.90882];
rx = [rx 0.5228];
ry = [ry 1.90938];
rx = [rx 0.435764];
ry = [ry 1.91225];
rx = [rx 0.570825];
ry = [ry 1.91362];
rx = [rx 0.474162];
ry = [ry 1.91405];
rx = [rx 0.52938];
ry = [ry 1.91747];
rx = [rx 0.572222];
ry = [ry 1.92208];
rx = [rx 0.497484];
ry = [ry 1.91916];
rx = [rx 0.532469];
ry = [ry 1.92399];
rx = [rx 0.546131];
ry = [ry 1.92766];
rx = [rx 0.601496];
ry = [ry 1.93724];
rx = [rx 0.582661];
ry = [ry 1.93785];
rx = [rx 0.583125];
ry = [ry 1.94099];
rx = [rx 0.529047];
ry = [ry 1.93417];
rx = [rx 0.550392];
