rx = [];
ry = [];
rx = [rx -0.605928];
ry = [ry 1.96888];
rx = [rx -0.596163];
ry = [ry 1.95145];
rx = [rx -0.595793];
ry = [ry 1.93288];
rx = [rx -0.544209];
ry = [ry 1.92281];
rx = [rx -0.699488];
ry = [ry 1.87612];
rx = [rx -0.617521];
ry = [ry 1.87198];
rx = [rx -0.690849];
ry = [ry 1.83624];
rx = [rx -0.55038];
ry = [ry 1.84899];
rx = [rx -0.535101];
ry = [ry 1.8344];
rx = [rx -0.554814];
ry = [ry 1.8105];
rx = [rx -0.498034];
ry = [ry 1.80834];
rx = [rx -0.567329];
ry = [ry 1.76838];
rx = [rx -0.550943];
ry = [ry 1.75423];
rx = [rx -0.621953];
ry = [ry 1.70954];
rx = [rx -0.59729];
ry = [ry 1.69757];
rx = [rx -0.582841];
ry = [ry 1.68228];
rx = [rx -0.585969];
ry = [ry 1.66001];
rx = [rx -0.617578];
ry = [ry 1.62492];
rx = [rx -0.501514];
ry = [ry 1.65549];
rx = [rx -0.609605];
ry = [ry 1.5837];
rx = [rx -0.550108];
ry = [ry 1.59047];
rx = [rx -0.645751];
ry = [ry 1.51868];
rx = [rx -0.552631];
ry = [ry 1.54471];
rx = [rx -0.532747];
ry = [ry 1.53308];
rx = [rx -0.557555];
ry = [ry 1.49559];
rx = [rx -0.551191];
ry = [ry 1.47555];
rx = [rx -0.523983];
ry = [ry 1.46858];
rx = [rx -0.524542];
ry = [ry 1.44403];
rx = [rx -0.530937];
ry = [ry 1.41488];
rx = [rx -0.506816];
ry = [ry 1.40657];
rx = [rx -0.315351];
ry = [ry 1.52274];
rx = [rx -0.394007];
ry = [ry 1.44143];
rx = [rx -0.362686];
ry = [ry 1.44261];
rx = [rx -0.308231];
ry = [ry 1.46401];
rx = [rx -0.311261];
ry = [ry 1.43886];
rx = [rx -0.298987];
ry = [ry 1.42639];
rx = [rx -0.323353];
ry = [ry 1.38038];
rx = [rx -0.23094];
ry = [ry 1.44284];
rx = [rx -0.30252];
ry = [ry 1.34951];
rx = [rx -0.132389];
ry = [ry 1.49638];
rx = [rx -0.257572];
ry = [ry 1.34337];
rx = [rx -0.193006];
ry = [ry 1.38728];
rx = [rx -0.148201];
ry = [ry 1.41285];
rx = [rx -0.14599];
ry = [ry 1.39117];
rx = [rx -0.166622];
ry = [ry 1.34094];
rx = [rx -0.146547];
ry = [ry 1.339];
rx = [rx -0.113684];
ry = [ry 1.35434];
rx = [rx -0.0898844];
ry = [ry 1.35933];
rx = [rx -0.069958];
ry = [ry 1.35998];
rx = [rx -0.138766];
ry = [ry 1.23224];
rx = [rx -0.100628];
ry = [ry 1.25699];
rx = [rx -0.0173479];
ry = [ry 1.35531];
rx = [rx -0.00256748];
ry = [ry 1.35036];
rx = [rx -0.0151066];
ry = [ry 1.29927];
rx = [rx 0.0572299];
ry = [ry 1.39465];
rx = [rx 0.0538032];
ry = [ry 1.35914];
rx = [rx 0.125587];
ry = [ry 1.46566];
rx = [rx 0.0596908];
ry = [ry 1.30596];
rx = [rx 0.0887636];
ry = [ry 1.33144];
rx = [rx 0.107636];
ry = [ry 1.33752];
rx = [rx 0.124026];
ry = [ry 1.33906];
rx = [rx 0.170659];
ry = [ry 1.41435];
rx = [rx 0.152985];
ry = [ry 1.33468];
rx = [rx 0.17077];
ry = [ry 1.34183];
rx = [rx 0.195086];
ry = [ry 1.36879];
rx = [rx 0.224955];
ry = [ry 1.41603];
rx = [rx 0.225624];
ry = [ry 1.37694];
rx = [rx 0.216513];
ry = [ry 1.30027];
rx = [rx 0.254462];
ry = [ry 1.38339];
rx = [rx 0.272015];
ry = [ry 1.40021];
rx = [rx 0.285534];
ry = [ry 1.40331];
rx = [rx 0.30146];
ry = [ry 1.41827];
rx = [rx 0.333891];
ry = [ry 1.51755];
rx = [rx 0.340014];
ry = [ry 1.4947];
rx = [rx 0.349257];
ry = [ry 1.48599];
rx = [rx 0.352652];
ry = [ry 1.43647];
rx = [rx 0.370474];
ry = [ry 1.48361];
rx = [rx 0.377531];
ry = [ry 1.45135];
rx = [rx 0.401478];
ry = [ry 1.58323];
rx = [rx 0.405675];
ry = [ry 1.52343];
rx = [rx 0.420011];
ry = [ry 1.59564];
rx = [rx 0.424088];
ry = [ry 1.49098];
rx = [rx 0.434657];
ry = [ry 1.49533];
rx = [rx 0.44565];
ry = [ry 1.5673];
rx = [rx 0.455254];
ry = [ry 1.51116];
rx = [rx 0.466321];
ry = [ry 1.47406];
rx = [rx 0.472969];
ry = [ry 1.5679];
rx = [rx 0.48366];
ry = [ry 1.54233];
rx = [rx 0.491292];
ry = [ry 1.56722];
rx = [rx 0.496784];
ry = [ry 1.60551];
rx = [rx 0.502234];
ry = [ry 1.63259];
rx = [rx 0.50414];
ry = [ry 1.67955];
rx = [rx 0.520214];
ry = [ry 1.62082];
rx = [rx 0.529798];
ry = [ry 1.61364];
rx = [rx 0.522498];
ry = [ry 1.69918];
rx = [rx 0.544073];
ry = [ry 1.62789];
rx = [rx 0.539537];
ry = [ry 1.68629];
rx = [rx 0.557827];
ry = [ry 1.64099];
rx = [rx 0.527212];
ry = [ry 1.79146];
rx = [rx 0.560986];
ry = [ry 1.68979];
rx = [rx 0.59119];
ry = [ry 1.61332];
rx = [rx 0.57562];
ry = [ry 1.69149];
rx = [rx 0.576702];
ry = [ry 1.7112];
rx = [rx 0.55338];
ry = [ry 1.79788];
rx = [rx 0.574655];
ry = [ry 1.75639];
rx = [rx 0.587174];
ry = [ry 1.74154];
rx = [rx 0.609382];
ry = [ry 1.70498];
rx = [rx 0.575207];
ry = [ry 1.80176];
rx = [rx 0.578209];
ry = [ry 1.80837];
rx = [rx 0.607223];
ry = [ry 1.76007];
rx = [rx 0.621049];
ry = [ry 1.7466];
rx = [rx 0.597688];
ry = [ry 1.80594];
rx = [rx 0.575857];
ry = [ry 1.85783];
rx = [rx 0.559085];
ry = [ry 1.8968];
rx = [rx 0.612279];
ry = [ry 1.81411];
rx = [rx 0.609901];
ry = [ry 1.82866];
rx = [rx 0.651027];
ry = [ry 1.77404];
rx = [rx 0.64653];
ry = [ry 1.79265];
rx = [rx 0.571818];
ry = [ry 1.9123];
rx = [rx 0.633322];
ry = [ry 1.83254];
rx = [rx 0.628473];
ry = [ry 1.84835];
rx = [rx 0.544804];
ry = [ry 1.96596];
rx = [rx 0.658582];
ry = [ry 1.8273];
rx = [rx 0.624721];
ry = [ry 1.87756];
rx = [rx 0.58714];
ry = [ry 1.92893];
rx = [rx 0.602877];
ry = [ry 1.9167];
rx = [rx 0.651974];
ry = [ry 1.86908];
rx = [rx 0.663217];
ry = [ry 1.8648];
rx = [rx 0.657939];
ry = [ry 1.87788];
rx = [rx 0.63629];
ry = [ry 1.9064];
rx = [rx 0.672625];
ry = [ry 1.8782];
rx = [rx 0.645211];
ry = [ry 1.91058];
rx = [rx 0.632228];
ry = [ry 1.92823];
rx = [rx 0.587529];
ry = [ry 1.97198];
rx = [rx 0.605046];
ry = [ry 1.96162];
rx = [rx 0.576069];
ry = [ry 1.98915];
rx = [rx 0.60636];
ry = [ry 1.96944];
rx = [rx 0.575478];
ry = [ry 1.99657];
rx = [rx 0.64918];
ry = [ry 1.94734];
rx = [rx 0.519373];
ry = [ry 2.04172];
rx = [rx 0.645164];
ry = [ry 1.96023];
rx = [rx 0.533281];
ry = [ry 2.03634];
rx = [rx 0.652517];
ry = [ry 1.9653];
rx = [rx 0.673623];
ry = [ry 1.95767];
rx = [rx 0.616785];
ry = [ry 1.99502];
rx = [rx 0.650085];
ry = [ry 1.98075];
rx = [rx 0.529577];
ry = [ry 2.04795];
rx = [rx 0.683354];
ry = [ry 1.97303];
rx = [rx 0.571323];
ry = [ry 2.0315];
rx = [rx 0.636879];
ry = [ry 2.0042];
rx = [rx 0.521957];
ry = [ry 2.05807];
rx = [rx 0.590219];
ry = [ry 2.03128];
rx = [rx 0.62556];
ry = [ry 2.0202];
rx = [rx 0.639108];
ry = [ry 2.01865];
rx = [rx 0.581125];
ry = [ry 2.04291];
rx = [rx 0.644986];
ry = [ry 2.02411];
rx = [rx 0.575351];
ry = [ry 2.04982];
rx = [rx 0.660868];
ry = [ry 2.02688];
rx = [rx 0.673448];
ry = [ry 2.02737];
rx = [rx 0.688511];
ry = [ry 2.02765];
rx = [rx 0.625043];
ry = [ry 2.04731];
rx = [rx 0.620885];
ry = [ry 2.05144];
rx = [rx 0.603173];
ry = [ry 2.05816];
rx = [rx 0.63016];
ry = [ry 2.05593];
rx = [rx 0.668986];
ry = [ry 2.05267];
rx = [rx 0.588769];
ry = [ry 2.06857];
rx = [rx 0.548144];
ry = [ry 2.07638];
rx = [rx 0.680427];
ry = [ry 2.06306];
rx = [rx 0.63072];
ry = [ry 2.0719];
rx = [rx 0.607422];
ry = [ry 2.07691];
rx = [rx 0.607551];
ry = [ry 2.07966];
rx = [rx 0.647787];
ry = [ry 2.08066];
rx = [rx 0.600041];
ry = [ry 2.08536];
rx = [rx 0.56036];
ry = [ry 2.08832];
rx = [rx 0.631828];
ry = [ry 2.09087];
rx = [rx 0.614176];
ry = [ry 2.09358];
rx = [rx 0.600159];
ry = [ry 2.09583];
rx = [rx 0.638599];
ry = [ry 2.10081];
rx = [rx 0.607896];
ry = [ry 2.1017];
rx = [rx 0.518579];
ry = [ry 2.09587];
rx = [rx 0.643529];
ry = [ry 2.11132];
rx = [rx 0.530832];
ry = [ry 2.0999];
rx = [rx 0.582945];
ry = [ry 2.10913];
rx = [rx 0.646651];
ry = [ry 2.12217];
rx = [rx 0.632034];
ry = [ry 2.123];
rx = [rx 0.628636];
ry = [ry 2.1256];
rx = [rx 0.608269];
ry = [ry 2.12434];
rx = [rx 0.596746];
ry = [ry 2.12448];
rx = [rx 0.536962];
ry = [ry 2.11173];
rx = [rx 0.528456];
ry = [ry 2.11099];
rx = [rx 0.557374];
ry = [ry 2.12104];
rx = [rx 0.473757];
ry = [ry 2.09671];
rx = [rx 0.601705];
ry = [ry 2.13999];
rx = [rx 0.509694];
ry = [ry 2.11036];
rx = [rx 0.561117];
ry = [ry 2.13077];
rx = [rx 0.600403];
ry = [ry 2.14847];
rx = [rx 0.530274];
ry = [ry 2.12246];
rx = [rx 0.562027];
ry = [ry 2.13792];
rx = [rx 0.57387];
ry = [ry 2.14566];
rx = [rx 0.623517];
ry = [ry 2.17197];
rx = [rx 0.605426];
ry = [ry 2.1667];
rx = [rx 0.604889];
ry = [ry 2.16983];
rx = [rx 0.555611];
ry = [ry 2.14653];
rx = [rx 0.573898];
ry = [ry 2.15929];
