rx = [];
ry = [];
rx = [rx -0.600045];
ry = [ry 1.95357];
rx = [rx -0.589701];
ry = [ry 1.93649];
rx = [rx -0.588707];
ry = [ry 1.91794];
rx = [rx -0.536813];
ry = [ry 1.9096];
rx = [rx -0.690436];
ry = [ry 1.85773];
rx = [rx -0.608377];
ry = [ry 1.85634];
rx = [rx -0.680462];
ry = [ry 1.81816];
rx = [rx -0.540501];
ry = [ry 1.83563];
rx = [rx -0.52474];
ry = [ry 1.82155];
rx = [rx -0.543639];
ry = [ry 1.797];
rx = [rx -0.486818];
ry = [ry 1.79675];
rx = [rx -0.554733];
ry = [ry 1.75449];
rx = [rx -0.53788];
ry = [ry 1.7409];
rx = [rx -0.607348];
ry = [ry 1.69384];
rx = [rx -0.582297];
ry = [ry 1.68271];
rx = [rx -0.567343];
ry = [ry 1.66792];
rx = [rx -0.569721];
ry = [ry 1.64555];
rx = [rx -0.600134];
ry = [ry 1.60942];
rx = [rx -0.485161];
ry = [ry 1.64387];
rx = [rx -0.59078];
ry = [ry 1.56849];
rx = [rx -0.531544];
ry = [ry 1.57726];
rx = [rx -0.624722];
ry = [ry 1.5023];
rx = [rx -0.532528];
ry = [ry 1.53144];
rx = [rx -0.512265];
ry = [ry 1.52048];
rx = [rx -0.5358];
ry = [ry 1.48218];
rx = [rx -0.528766];
ry = [ry 1.46236];
rx = [rx -0.501339];
ry = [ry 1.45631];
rx = [rx -0.501073];
ry = [ry 1.43176];
rx = [rx -0.506485];
ry = [ry 1.40241];
rx = [rx -0.482098];
ry = [ry 1.39491];
rx = [rx -0.294644];
ry = [ry 1.51745];
rx = [rx -0.370524];
ry = [ry 1.43354];
rx = [rx -0.33926];
ry = [ry 1.43578];
rx = [rx -0.285555];
ry = [ry 1.459];
rx = [rx -0.287739];
ry = [ry 1.43376];
rx = [rx -0.275052];
ry = [ry 1.4217];
rx = [rx -0.297858];
ry = [ry 1.3749];
rx = [rx -0.207596];
ry = [ry 1.44043];
rx = [rx -0.276];
ry = [ry 1.34475];
rx = [rx -0.1109];
ry = [ry 1.49725];
rx = [rx -0.230871];
ry = [ry 1.34013];
rx = [rx -0.167817];
ry = [ry 1.38618];
rx = [rx -0.123897];
ry = [ry 1.41324];
rx = [rx -0.120959];
ry = [ry 1.39164];
rx = [rx -0.139891];
ry = [ry 1.34076];
rx = [rx -0.119762];
ry = [ry 1.33948];
rx = [rx -0.0874333];
ry = [ry 1.35593];
rx = [rx -0.0638149];
ry = [ry 1.36171];
rx = [rx -0.0439216];
ry = [ry 1.36303];
rx = [rx -0.1084];
ry = [ry 1.23305];
rx = [rx -0.0711142];
ry = [ry 1.25906];
rx = [rx 0.00881567];
ry = [ry 1.36013];
rx = [rx 0.023754];
ry = [ry 1.35568];
rx = [rx 0.0129384];
ry = [ry 1.3042];
rx = [rx 0.0820298];
ry = [ry 1.40195];
rx = [rx 0.0797979];
ry = [ry 1.36635];
rx = [rx 0.147963];
ry = [ry 1.47521];
rx = [rx 0.0874688];
ry = [ry 1.3134];
rx = [rx 0.115669];
ry = [ry 1.33984];
rx = [rx 0.134327];
ry = [ry 1.34655];
rx = [rx 0.150656];
ry = [ry 1.34863];
rx = [rx 0.194733];
ry = [ry 1.42545];
rx = [rx 0.179746];
ry = [ry 1.34523];
rx = [rx 0.19728];
ry = [ry 1.35298];
rx = [rx 0.220677];
ry = [ry 1.38073];
rx = [rx 0.248942];
ry = [ry 1.42895];
rx = [rx 0.250924];
ry = [ry 1.38991];
rx = [rx 0.244394];
ry = [ry 1.31297];
rx = [rx 0.279528];
ry = [ry 1.39732];
rx = [rx 0.296507];
ry = [ry 1.41472];
rx = [rx 0.309914];
ry = [ry 1.41828];
rx = [rx 0.325328];
ry = [ry 1.43377];
rx = [rx 0.354406];
ry = [ry 1.53408];
rx = [rx 0.361293];
ry = [ry 1.51145];
rx = [rx 0.370823];
ry = [ry 1.50305];
rx = [rx 0.37588];
ry = [ry 1.45367];
rx = [rx 0.392108];
ry = [ry 1.50138];
rx = [rx 0.400245];
ry = [ry 1.46938];
rx = [rx 0.419748];
ry = [ry 1.60199];
rx = [rx 0.425952];
ry = [ry 1.54236];
rx = [rx 0.437854];
ry = [ry 1.61501];
rx = [rx 0.445445];
ry = [ry 1.51055];
rx = [rx 0.455861];
ry = [ry 1.51526];
rx = [rx 0.46443];
ry = [ry 1.58756];
rx = [rx 0.475915];
ry = [ry 1.53177];
rx = [rx 0.488222];
ry = [ry 1.49506];
rx = [rx 0.491714];
ry = [ry 1.58907];
rx = [rx 0.503258];
ry = [ry 1.56387];
rx = [rx 0.510049];
ry = [ry 1.58901];
rx = [rx 0.514252];
ry = [ry 1.62746];
rx = [rx 0.518789];
ry = [ry 1.6547];
rx = [rx 0.519116];
ry = [ry 1.7017];
rx = [rx 0.537155];
ry = [ry 1.64354];
rx = [rx 0.546974];
ry = [ry 1.63669];
rx = [rx 0.536804];
ry = [ry 1.72194];
rx = [rx 0.560763];
ry = [ry 1.65141];
rx = [rx 0.554267];
ry = [ry 1.70963];
rx = [rx 0.574069];
ry = [ry 1.66497];
rx = [rx 0.538415];
ry = [ry 1.81433];
rx = [rx 0.575586];
ry = [ry 1.71385];
rx = [rx 0.608342];
ry = [ry 1.63844];
rx = [rx 0.590154];
ry = [ry 1.71604];
rx = [rx 0.590574];
ry = [ry 1.73577];
rx = [rx 0.564354];
ry = [ry 1.82162];
rx = [rx 0.58701];
ry = [ry 1.78087];
rx = [rx 0.600021];
ry = [ry 1.76645];
rx = [rx 0.623445];
ry = [ry 1.73065];
rx = [rx 0.586037];
ry = [ry 1.82624];
rx = [rx 0.588816];
ry = [ry 1.83294];
rx = [rx 0.619436];
ry = [ry 1.78564];
rx = [rx 0.633706];
ry = [ry 1.77265];
rx = [rx 0.608365];
ry = [ry 1.83117];
rx = [rx 0.584804];
ry = [ry 1.88229];
rx = [rx 0.566732];
ry = [ry 1.92068];
rx = [rx 0.622674];
ry = [ry 1.83982];
rx = [rx 0.619808];
ry = [ry 1.85428];
rx = [rx 0.662746];
ry = [ry 1.80108];
rx = [rx 0.657627];
ry = [ry 1.81953];
rx = [rx 0.578937];
ry = [ry 1.9366];
rx = [rx 0.643086];
ry = [ry 1.85895];
rx = [rx 0.637708];
ry = [ry 1.87458];
rx = [rx 0.550135];
ry = [ry 1.98932];
rx = [rx 0.668508];
ry = [ry 1.85456];
rx = [rx 0.632977];
ry = [ry 1.90365];
rx = [rx 0.593691];
ry = [ry 1.95373];
rx = [rx 0.60983];
ry = [ry 1.94203];
rx = [rx 0.6605];
ry = [ry 1.89609];
rx = [rx 0.67188];
ry = [ry 1.8922];
rx = [rx 0.666166];
ry = [ry 1.90509];
rx = [rx 0.643571];
ry = [ry 1.93287];
rx = [rx 0.680833];
ry = [ry 1.9059];
rx = [rx 0.652346];
ry = [ry 1.93734];
rx = [rx 0.638778];
ry = [ry 1.95454];
rx = [rx 0.592634];
ry = [ry 1.99677];
rx = [rx 0.610489];
ry = [ry 1.98701];
rx = [rx 0.580603];
ry = [ry 2.01354];
rx = [rx 0.61154];
ry = [ry 1.99487];
rx = [rx 0.579764];
ry = [ry 2.02094];
rx = [rx 0.655078];
ry = [ry 1.97422];
rx = [rx 0.522173];
ry = [ry 2.06418];
rx = [rx 0.650631];
ry = [ry 1.98696];
rx = [rx 0.536255];
ry = [ry 2.05927];
rx = [rx 0.65781];
ry = [ry 1.99227];
rx = [rx 0.67916];
ry = [ry 1.98536];
rx = [rx 0.621099];
ry = [ry 2.02079];
rx = [rx 0.65486];
ry = [ry 2.00764];
rx = [rx 0.532163];
ry = [ry 2.07075];
rx = [rx 0.688369];
ry = [ry 2.00104];
rx = [rx 0.574438];
ry = [ry 2.05571];
rx = [rx 0.640874];
ry = [ry 2.03063];
rx = [rx 0.524207];
ry = [ry 2.08061];
rx = [rx 0.593331];
ry = [ry 2.05612];
rx = [rx 0.629024];
ry = [ry 2.04624];
rx = [rx 0.642616];
ry = [ry 2.04515];
rx = [rx 0.583851];
ry = [ry 2.06745];
rx = [rx 0.648307];
ry = [ry 2.0508];
rx = [rx 0.577848];
ry = [ry 2.07415];
rx = [rx 0.664087];
ry = [ry 2.0541];
rx = [rx 0.676644];
ry = [ry 2.05502];
rx = [rx 0.691688];
ry = [ry 2.05581];
rx = [rx 0.627596];
ry = [ry 2.07331];
rx = [rx 0.623301];
ry = [ry 2.07731];
rx = [rx 0.605374];
ry = [ry 2.08343];
rx = [rx 0.63242];
ry = [ry 2.08211];
rx = [rx 0.671334];
ry = [ry 2.08016];
rx = [rx 0.590628];
ry = [ry 2.09335];
rx = [rx 0.549764];
ry = [ry 2.09979];
rx = [rx 0.682419];
ry = [ry 2.09092];
rx = [rx 0.632443];
ry = [ry 2.09809];
rx = [rx 0.608991];
ry = [ry 2.10231];
rx = [rx 0.609027];
ry = [ry 2.10506];
rx = [rx 0.649206];
ry = [ry 2.10742];
rx = [rx 0.60133];
ry = [ry 2.11051];
rx = [rx 0.561572];
ry = [ry 2.11213];
rx = [rx 0.632913];
ry = [ry 2.11709];
rx = [rx 0.61518];
ry = [ry 2.1192];
rx = [rx 0.601096];
ry = [ry 2.12098];
rx = [rx 0.639347];
ry = [ry 2.12725];
rx = [rx 0.608631];
ry = [ry 2.1271];
rx = [rx 0.519561];
ry = [ry 2.11827];
rx = [rx 0.643921];
ry = [ry 2.13791];
rx = [rx 0.531672];
ry = [ry 2.12271];
rx = [rx 0.583445];
ry = [ry 2.13369];
rx = [rx 0.646677];
ry = [ry 2.14886];
rx = [rx 0.63204];
ry = [ry 2.1492];
rx = [rx 0.628557];
ry = [ry 2.15168];
rx = [rx 0.608243];
ry = [ry 2.14974];
rx = [rx 0.596723];
ry = [ry 2.14949];
rx = [rx 0.5374];
ry = [ry 2.13474];
rx = [rx 0.528924];
ry = [ry 2.13372];
rx = [rx 0.557488];
ry = [ry 2.14473];
rx = [rx 0.474735];
ry = [ry 2.11761];
rx = [rx 0.601157];
ry = [ry 2.16516];
rx = [rx 0.510194];
ry = [ry 2.13246];
rx = [rx 0.560902];
ry = [ry 2.15458];
rx = [rx 0.599571];
ry = [ry 2.17359];
rx = [rx 0.530356];
ry = [ry 2.14525];
rx = [rx 0.561571];
ry = [ry 2.16176];
rx = [rx 0.573148];
ry = [ry 2.16989];
rx = [rx 0.621882];
ry = [ry 2.19786];
rx = [rx 0.603979];
ry = [ry 2.19198];
rx = [rx 0.603337];
ry = [ry 2.19509];
rx = [rx 0.554869];
ry = [ry 2.17015];
rx = [rx 0.572717];
ry = [ry 2.18352];
