mx = [];
my = [];
mx = [mx 3.36135];
my = [my 8.50176];
mx = [mx 3.36207];
my = [my 8.49985];
mx = [mx 3.3628];
my = [my 8.49794];
mx = [mx 3.36354];
my = [my 8.49604];
mx = [mx 3.36429];
my = [my 8.49414];
mx = [mx 3.36506];
my = [my 8.49224];
mx = [mx 3.36583];
my = [my 8.49035];
mx = [mx 3.36661];
my = [my 8.48847];
mx = [mx 3.36741];
my = [my 8.48659];
mx = [mx 3.36821];
my = [my 8.48471];
mx = [mx 3.36903];
my = [my 8.48284];
mx = [mx 3.36986];
my = [my 8.48097];
mx = [mx 3.37069];
my = [my 8.47911];
mx = [mx 3.37154];
my = [my 8.47725];
mx = [mx 3.3724];
my = [my 8.4754];
mx = [mx 3.37327];
my = [my 8.47355];
mx = [mx 3.37416];
my = [my 8.47171];
mx = [mx 3.37505];
my = [my 8.46988];
mx = [mx 3.37595];
my = [my 8.46804];
mx = [mx 3.37687];
my = [my 8.46622];
mx = [mx 3.37779];
my = [my 8.4644];
mx = [mx 3.37872];
my = [my 8.46258];
mx = [mx 3.37967];
my = [my 8.46077];
mx = [mx 3.38063];
my = [my 8.45897];
mx = [mx 3.38159];
my = [my 8.45717];
mx = [mx 3.38257];
my = [my 8.45538];
mx = [mx 3.38356];
my = [my 8.45359];
mx = [mx 3.38455];
my = [my 8.4518];
mx = [mx 3.38556];
my = [my 8.45003];
mx = [mx 3.38658];
my = [my 8.44826];
mx = [mx 3.38761];
my = [my 8.44649];
mx = [mx 3.38865];
my = [my 8.44474];
mx = [mx 3.3897];
my = [my 8.44299];
mx = [mx 3.39075];
my = [my 8.44124];
mx = [mx 3.39182];
my = [my 8.4395];
mx = [mx 3.3929];
my = [my 8.43777];
mx = [mx 3.39399];
my = [my 8.43604];
mx = [mx 3.39509];
my = [my 8.43432];
mx = [mx 3.3962];
my = [my 8.4326];
mx = [mx 3.39732];
my = [my 8.4309];
mx = [mx 3.39845];
my = [my 8.4292];
mx = [mx 3.39959];
my = [my 8.4275];
mx = [mx 3.40074];
my = [my 8.42581];
mx = [mx 3.4019];
my = [my 8.42413];
mx = [mx 3.40307];
my = [my 8.42246];
mx = [mx 3.40424];
my = [my 8.42079];
mx = [mx 3.40543];
my = [my 8.41913];
mx = [mx 3.40663];
my = [my 8.41747];
mx = [mx 3.40783];
my = [my 8.41583];
mx = [mx 3.40905];
my = [my 8.41419];
mx = [mx 3.41028];
my = [my 8.41255];
mx = [mx 3.41151];
my = [my 8.41093];
mx = [mx 3.41276];
my = [my 8.40931];
mx = [mx 3.41402];
my = [my 8.4077];
mx = [mx 3.41528];
my = [my 8.40609];
mx = [mx 3.41655];
my = [my 8.4045];
mx = [mx 3.41784];
my = [my 8.40291];
mx = [mx 3.41913];
my = [my 8.40133];
mx = [mx 3.42043];
my = [my 8.39975];
mx = [mx 3.42174];
my = [my 8.39819];
mx = [mx 3.42306];
my = [my 8.39663];
mx = [mx 3.42439];
my = [my 8.39508];
mx = [mx 3.42572];
my = [my 8.39354];
mx = [mx 3.42707];
my = [my 8.392];
mx = [mx 3.42842];
my = [my 8.39047];
mx = [mx 3.42979];
my = [my 8.38895];
mx = [mx 3.43116];
my = [my 8.38744];
mx = [mx 3.43254];
my = [my 8.38594];
mx = [mx 3.43393];
my = [my 8.38444];
mx = [mx 3.43533];
my = [my 8.38295];
mx = [mx 3.43674];
my = [my 8.38147];
mx = [mx 3.43816];
my = [my 8.38];
mx = [mx 3.43958];
my = [my 8.37854];
mx = [mx 3.44101];
my = [my 8.37709];
mx = [mx 3.44246];
my = [my 8.37564];
mx = [mx 3.4439];
my = [my 8.3742];
mx = [mx 3.44536];
my = [my 8.37277];
mx = [mx 3.44683];
my = [my 8.37135];
mx = [mx 3.4483];
my = [my 8.36994];
mx = [mx 3.44979];
my = [my 8.36854];
mx = [mx 3.45128];
my = [my 8.36714];
mx = [mx 3.45278];
my = [my 8.36575];
mx = [mx 3.45429];
my = [my 8.36438];
mx = [mx 3.4558];
my = [my 8.36301];
mx = [mx 3.45732];
my = [my 8.36165];
mx = [mx 3.45886];
my = [my 8.3603];
mx = [mx 3.4604];
my = [my 8.35896];
mx = [mx 3.46194];
my = [my 8.35762];
mx = [mx 3.4635];
my = [my 8.3563];
mx = [mx 3.46506];
my = [my 8.35498];
mx = [mx 3.46663];
my = [my 8.35367];
mx = [mx 3.46821];
my = [my 8.35238];
mx = [mx 3.46979];
my = [my 8.35109];
mx = [mx 3.47138];
my = [my 8.34981];
mx = [mx 3.47298];
my = [my 8.34855];
mx = [mx 3.47459];
my = [my 8.34729];
mx = [mx 3.4762];
my = [my 8.34603];
mx = [mx 3.47783];
my = [my 8.34479];
mx = [mx 3.47946];
my = [my 8.34356];
mx = [mx 3.48109];
my = [my 8.34234];
mx = [mx 3.48273];
my = [my 8.34113];
mx = [mx 3.48438];
my = [my 8.33993];
mx = [mx 3.48604];
my = [my 8.33873];
mx = [mx 3.48771];
my = [my 8.33755];
mx = [mx 3.48938];
my = [my 8.33637];
mx = [mx 3.49105];
my = [my 8.33521];
mx = [mx 3.49274];
my = [my 8.33406];
mx = [mx 3.49443];
my = [my 8.33291];
mx = [mx 3.49613];
my = [my 8.33177];
mx = [mx 3.49783];
my = [my 8.33065];
mx = [mx 3.49954];
my = [my 8.32954];
mx = [mx 3.50126];
my = [my 8.32843];
mx = [mx 3.50298];
my = [my 8.32734];
mx = [mx 3.50471];
my = [my 8.32625];
mx = [mx 3.50645];
my = [my 8.32518];
mx = [mx 3.50819];
my = [my 8.32411];
mx = [mx 3.50994];
my = [my 8.32306];
mx = [mx 3.51169];
my = [my 8.32201];
mx = [mx 3.51346];
my = [my 8.32098];
mx = [mx 3.51522];
my = [my 8.31996];
mx = [mx 3.51699];
my = [my 8.31894];
mx = [mx 3.51877];
my = [my 8.31794];
mx = [mx 3.52056];
my = [my 8.31695];
mx = [mx 3.52235];
my = [my 8.31596];
mx = [mx 3.52414];
my = [my 8.31499];
mx = [mx 3.52595];
my = [my 8.31403];
mx = [mx 3.52775];
my = [my 8.31308];
mx = [mx 3.52957];
my = [my 8.31214];
mx = [mx 3.53138];
my = [my 8.31121];
mx = [mx 3.53321];
my = [my 8.31029];
mx = [mx 3.53504];
my = [my 8.30938];
mx = [mx 3.53687];
my = [my 8.30848];
mx = [mx 3.53871];
my = [my 8.30759];
mx = [mx 3.54055];
my = [my 8.30672];
mx = [mx 3.5424];
my = [my 8.30585];
mx = [mx 3.54426];
my = [my 8.305];
mx = [mx 3.54612];
my = [my 8.30415];
mx = [mx 3.54798];
my = [my 8.30332];
mx = [mx 3.54985];
my = [my 8.30249];
mx = [mx 3.55172];
my = [my 8.30169];
mx = [mx 3.5536];
my = [my 8.30088];
mx = [mx 3.55548];
my = [my 8.30009];
mx = [mx 3.55737];
my = [my 8.29932];
mx = [mx 3.55926];
my = [my 8.29855];
mx = [mx 3.56116];
my = [my 8.29779];
mx = [mx 3.56306];
my = [my 8.29705];
mx = [mx 3.56497];
my = [my 8.29631];
mx = [mx 3.56688];
my = [my 8.29558];
mx = [mx 3.56879];
my = [my 8.29487];
mx = [mx 3.57071];
my = [my 8.29417];
mx = [mx 3.57263];
my = [my 8.29348];
mx = [mx 3.57456];
my = [my 8.2928];
mx = [mx 3.57648];
my = [my 8.29214];
mx = [mx 3.57842];
my = [my 8.29148];
mx = [mx 3.58036];
my = [my 8.29083];
mx = [mx 3.5823];
my = [my 8.2902];
mx = [mx 3.58424];
my = [my 8.28957];
mx = [mx 3.58619];
my = [my 8.28896];
mx = [mx 3.58814];
my = [my 8.28836];
mx = [mx 3.5901];
my = [my 8.28777];
mx = [mx 3.59206];
my = [my 8.2872];
mx = [mx 3.59402];
my = [my 8.28663];
mx = [mx 3.59598];
my = [my 8.28608];
mx = [mx 3.59795];
my = [my 8.28553];
mx = [mx 3.59992];
my = [my 8.285];
mx = [mx 3.6019];
my = [my 8.28448];
mx = [mx 3.60388];
my = [my 8.28397];
mx = [mx 3.60586];
my = [my 8.28348];
mx = [mx 3.60784];
my = [my 8.28299];
mx = [mx 3.60983];
my = [my 8.28252];
mx = [mx 3.61181];
my = [my 8.28206];
mx = [mx 3.61381];
my = [my 8.2816];
mx = [mx 3.6158];
my = [my 8.28116];
mx = [mx 3.6178];
my = [my 8.28074];
mx = [mx 3.6198];
my = [my 8.28032];
mx = [mx 3.6218];
my = [my 8.27992];
mx = [mx 3.6238];
my = [my 8.27952];
mx = [mx 3.62581];
my = [my 8.27914];
mx = [mx 3.62782];
my = [my 8.27877];
mx = [mx 3.62983];
my = [my 8.27842];
mx = [mx 3.63184];
my = [my 8.27807];
mx = [mx 3.63385];
my = [my 8.27773];
mx = [mx 3.63587];
my = [my 8.27741];
mx = [mx 3.63789];
my = [my 8.2771];
mx = [mx 3.63991];
my = [my 8.2768];
mx = [mx 3.64193];
my = [my 8.27651];
mx = [mx 3.64395];
my = [my 8.27624];
mx = [mx 3.64598];
my = [my 8.27598];
mx = [mx 3.648];
my = [my 8.27572];
mx = [mx 3.65003];
my = [my 8.27548];
mx = [mx 3.65206];
my = [my 8.27525];
mx = [mx 3.65409];
my = [my 8.27504];
mx = [mx 3.65612];
my = [my 8.27483];
mx = [mx 3.65816];
my = [my 8.27464];
mx = [mx 3.66019];
my = [my 8.27446];
mx = [mx 3.66223];
my = [my 8.27429];
mx = [mx 3.66426];
my = [my 8.27413];
mx = [mx 3.6663];
my = [my 8.27399];
mx = [mx 3.66834];
my = [my 8.27385];
mx = [mx 3.67037];
my = [my 8.27373];
mx = [mx 3.67241];
my = [my 8.27362];
mx = [mx 3.67445];
my = [my 8.27352];
mx = [mx 3.67649];
my = [my 8.27344];
mx = [mx 3.67853];
my = [my 8.27336];
mx = [mx 3.68057];
my = [my 8.2733];
mx = [mx 3.68262];
my = [my 8.27325];
mx = [mx 3.68466];
my = [my 8.27321];
mx = [mx 3.6867];
my = [my 8.27318];
mx = [mx 3.68874];
my = [my 8.27317];
mx = [mx 3.69078];
my = [my 8.27316];
mx = [mx 3.69283];
my = [my 8.27317];
mx = [mx 3.69487];
