mx = [];
my = [];
mx = [mx 0.763696];
my = [my 1.58719];
mx = [mx 0.771167];
my = [my 1.60676];
mx = [mx 0.77795];
my = [my 1.62657];
mx = [mx 0.784038];
my = [my 1.64661];
mx = [mx 0.789423];
my = [my 1.66685];
mx = [mx 0.794098];
my = [my 1.68726];
mx = [mx 0.798057];
my = [my 1.70783];
mx = [mx 0.801297];
my = [my 1.72852];
mx = [mx 0.803813];
my = [my 1.74931];
mx = [mx 0.805601];
my = [my 1.77018];
mx = [mx 0.806661];
my = [my 1.79109];
mx = [mx 0.806989];
my = [my 1.81203];
mx = [mx 0.806587];
my = [my 1.83297];
mx = [mx 0.805454];
my = [my 1.85388];
mx = [mx 0.803592];
my = [my 1.87474];
mx = [mx 0.801004];
my = [my 1.89552];
mx = [mx 0.797691];
my = [my 1.9162];
mx = [mx 0.793659];
my = [my 1.93675];
mx = [mx 0.788912];
my = [my 1.95715];
mx = [mx 0.783457];
my = [my 1.97737];
mx = [mx 0.777299];
my = [my 1.99739];
mx = [mx 0.770446];
my = [my 2.01718];
mx = [mx 0.762907];
my = [my 2.03671];
mx = [mx 0.75469];
my = [my 2.05598];
mx = [mx 0.745807];
my = [my 2.07494];
mx = [mx 0.736267];
my = [my 2.09359];
mx = [mx 0.726082];
my = [my 2.11188];
mx = [mx 0.715265];
my = [my 2.12982];
mx = [mx 0.703828];
my = [my 2.14736];
mx = [mx 0.691786];
my = [my 2.16449];
mx = [mx 0.679154];
my = [my 2.1812];
mx = [mx 0.665946];
my = [my 2.19745];
mx = [mx 0.65218];
my = [my 2.21323];
mx = [mx 0.637871];
my = [my 2.22852];
mx = [mx 0.623037];
my = [my 2.2433];
mx = [mx 0.607696];
my = [my 2.25756];
mx = [mx 0.591867];
my = [my 2.27127];
mx = [mx 0.575569];
my = [my 2.28442];
mx = [mx 0.558822];
my = [my 2.297];
mx = [mx 0.541647];
my = [my 2.30898];
mx = [mx 0.524063];
my = [my 2.32036];
mx = [mx 0.506094];
my = [my 2.33111];
mx = [mx 0.48776];
my = [my 2.34123];
mx = [mx 0.469084];
my = [my 2.35071];
mx = [mx 0.450089];
my = [my 2.35953];
mx = [mx 0.917553];
my = [my 3.57843];
mx = [mx 0.870667];
my = [my 3.64422];
mx = [mx 0.820127];
my = [my 3.70912];
mx = [mx 0.765708];
my = [my 3.77218];
mx = [mx 0.709963];
my = [my 3.84316];
mx = [mx 0.654002];
my = [my 3.93192];
mx = [mx 0.59266];
my = [my 4.02041];
mx = [mx 0.526033];
my = [my 4.10973];
mx = [mx 0.455839];
my = [my 4.21839];
mx = [mx 0.373795];
my = [my 4.25676];
mx = [mx 0.294439];
my = [my 4.44486];
mx = [mx 0.202511];
my = [my 4.41949];
mx = [mx 0.124211];
my = [my 4.0703];
mx = [mx 0.0731473];
my = [my 3.67898];
mx = [mx 0.0129554];
my = [my 3.62714];
mx = [mx -0.0460985];
my = [my 3.58968];
mx = [mx -0.103961];
my = [my 3.55697];
mx = [mx -0.159778];
my = [my 3.52207];
mx = [mx -0.135314];
my = [my 3.17395];
mx = [mx -0.0389737];
my = [my 2.66327];
mx = [mx -0.139026];
my = [my 2.86976];
mx = [mx -0.550569];
my = [my 3.88131];
mx = [mx -0.615893];
my = [my 3.83768];
mx = [mx -0.680061];
my = [my 3.79418];
mx = [mx -0.738796];
my = [my 3.74173];
mx = [mx -0.805602];
my = [my 3.70755];
mx = [mx -0.870112];
my = [my 3.66922];
mx = [mx -0.93012];
my = [my 3.62382];
mx = [mx -0.98709];
my = [my 3.57476];
mx = [mx -1.04792];
my = [my 3.53201];
mx = [mx -1.10722];
my = [my 3.48717];
mx = [mx -1.17136];
my = [my 3.44793];
mx = [mx -1.22861];
my = [my 3.3999];
mx = [mx -1.28915];
my = [my 3.35498];
mx = [mx -1.34844];
my = [my 3.30791];
mx = [mx -1.32041];
my = [my 3.18153];
mx = [mx -1.14871];
my = [my 2.9446];
mx = [mx -1.00534];
my = [my 2.75483];
mx = [mx -0.960052];
my = [my 2.65585];
mx = [mx -1.00534];
my = [my 2.6257];
mx = [mx -1.05794];
my = [my 2.5984];
mx = [mx -1.0937];
my = [my 2.55898];
mx = [mx -1.13688];
my = [my 2.52259];
mx = [mx -1.19668];
my = [my 2.49263];
mx = [mx -1.2376];
my = [my 2.4512];
mx = [mx -1.30536];
my = [my 2.41901];
mx = [mx -1.32606];
my = [my 2.366];
mx = [mx -1.2783];
my = [my 2.29078];
mx = [mx -1.21761];
my = [my 2.21685];
mx = [mx -1.18196];
my = [my 2.15477];
mx = [mx -1.13461];
my = [my 2.09376];
mx = [mx -1.08477];
my = [my 2.03648];
mx = [mx -1.05319];
my = [my 1.9859];
mx = [mx -1.00826];
my = [my 1.93662];
mx = [mx -0.982192];
my = [my 1.8921];
mx = [mx -0.9556];
my = [my 1.8496];
mx = [mx -0.925387];
my = [my 1.80905];
mx = [mx -0.893565];
my = [my 1.77067];
mx = [mx -0.863079];
my = [my 1.73432];
mx = [mx -0.84698];
my = [my 1.69839];
mx = [mx -0.824243];
my = [my 1.66426];
mx = [mx -0.80702];
my = [my 1.6304];
mx = [mx -0.764622];
my = [my 1.60273];
mx = [mx -0.540244];
my = [my 1.62332];
mx = [mx -0.453874];
my = [my 1.62027];
mx = [mx -0.410824];
my = [my 1.60908];
mx = [mx -0.394009];
my = [my 1.59108];
mx = [mx -0.376702];
my = [my 1.574];
mx = [mx -0.358947];
my = [my 1.55786];
mx = [mx -0.334173];
my = [my 1.5459];
mx = [mx -0.331088];
my = [my 1.5237];
mx = [mx -0.335508];
my = [my 1.49654];
mx = [mx -0.332579];
my = [my 1.47254];
mx = [mx -0.314669];
my = [my 1.45782];
mx = [mx -0.304601];
my = [my 1.43795];
mx = [mx -0.290676];
my = [my 1.42079];
mx = [mx -0.318128];
my = [my 1.36882];
mx = [mx -0.321634];
my = [my 1.33337];
mx = [mx -0.288501];
my = [my 1.33085];
mx = [mx -0.267104];
my = [my 1.31836];
mx = [mx -0.25118];
my = [my 1.30038];
mx = [mx -0.242011];
my = [my 1.27402];
mx = [mx -0.222997];
my = [my 1.25867];
mx = [mx -0.206827];
my = [my 1.23935];
mx = [mx -0.186562];
my = [my 1.22535];
mx = [mx -0.176394];
my = [my 1.19509];
mx = [mx -0.159595];
my = [my 1.17351];
mx = [mx -0.137071];
my = [my 1.1612];
mx = [mx -0.122872];
my = [my 1.1317];
mx = [mx -0.105002];
my = [my 1.10697];
mx = [mx -0.0797827];
my = [my 1.09766];
mx = [mx 0.00276628];
my = [my 1.24685];
mx = [mx 0.0225791];
my = [my 1.24007];
mx = [mx 0.0426166];
my = [my 1.23398];
mx = [mx 0.0628544];
my = [my 1.2286];
mx = [mx 0.0832678];
my = [my 1.22392];
mx = [mx 0.103832];
my = [my 1.21996];
mx = [mx 0.124522];
my = [my 1.21672];
mx = [mx 0.145312];
my = [my 1.2142];
mx = [mx 0.166178];
my = [my 1.21241];
mx = [mx 0.187093];
my = [my 1.21135];
mx = [mx 0.208032];
my = [my 1.21102];
mx = [mx 0.228971];
my = [my 1.21142];
mx = [mx 0.249882];
my = [my 1.21256];
mx = [mx 0.270742];
my = [my 1.21442];
mx = [mx 0.291523];
my = [my 1.217];
mx = [mx 0.312202];
my = [my 1.22032];
mx = [mx 0.332753];
my = [my 1.22435];
mx = [mx 0.35315];
my = [my 1.22909];
mx = [mx 0.373369];
my = [my 1.23455];
mx = [mx 0.393386];
my = [my 1.2407];
mx = [mx 0.413176];
my = [my 1.24756];
mx = [mx 0.432714];
my = [my 1.25509];
mx = [mx 0.451978];
my = [my 1.26331];
mx = [mx 0.470943];
my = [my 1.27219];
mx = [mx 0.489587];
my = [my 1.28173];
mx = [mx 0.507886];
my = [my 1.29192];
mx = [mx 0.525819];
my = [my 1.30273];
mx = [mx 0.543363];
my = [my 1.31417];
mx = [mx 0.560498];
my = [my 1.32621];
mx = [mx 0.577202];
my = [my 1.33884];
mx = [mx 0.593455];
my = [my 1.35205];
mx = [mx 0.609237];
my = [my 1.36581];
mx = [mx 0.62453];
my = [my 1.38012];
mx = [mx 0.639313];
my = [my 1.39496];
mx = [mx 0.65357];
my = [my 1.4103];
mx = [mx 0.667283];
my = [my 1.42612];
mx = [mx 0.680435];
my = [my 1.44242];
mx = [mx 0.693011];
my = [my 1.45917];
mx = [mx 0.704994];
my = [my 1.47634];
mx = [mx 0.716371];
my = [my 1.49393];
mx = [mx 0.727127];
my = [my 1.5119];
mx = [mx 0.73725];
my = [my 1.53023];
mx = [mx 0.746726];
my = [my 1.54891];
mx = [mx 0.755545];
my = [my 1.5679];
