rr = [];
rr = [rr 1.03178];
rr = [rr 1.12336];
rr = [rr 1.0925];
rr = [rr 1.04424];
rr = [rr 1.10006];
rr = [rr 1.07165];
rr = [rr 1.02582];
rr = [rr 1.09361];
rr = [rr 1.14265];
rr = [rr 1.08984];
rr = [rr 1.07557];
rr = [rr 1.14461];
rr = [rr 1.08133];
rr = [rr 1.20086];
rr = [rr 1.2109];
rr = [rr 1.18942];
rr = [rr 1.20448];
rr = [rr 1.15923];
rr = [rr 1.06748];
rr = [rr 1.18714];
rr = [rr 1.14677];
rr = [rr 1.13627];
rr = [rr 1.21067];
rr = [rr 1.17633];
rr = [rr 1.2128];
rr = [rr 1.08197];
rr = [rr 1.2141];
rr = [rr 1.2114];
rr = [rr 1.14893];
rr = [rr 1.15335];
rr = [rr 0.982288];
rr = [rr 1.14579];
rr = [rr 1.08041];
rr = [rr 0.999619];
rr = [rr 1.03754];
rr = [rr 0.929884];
rr = [rr 1.00087];
rr = [rr 0.981541];
rr = [rr 0.99624];
rr = [rr 0.936814];
rr = [rr 0.94868];
rr = [rr 0.977526];
rr = [rr 0.882385];
rr = [rr 0.920565];
rr = [rr 0.862847];
rr = [rr 0.931486];
rr = [rr 0.941253];
rr = [rr 0.918602];
rr = [rr 0.893524];
rr = [rr 0.919488];
rr = [rr 0.906259];
rr = [rr 0.914429];
rr = [rr 0.868298];
rr = [rr 0.869167];
rr = [rr 0.781524];
rr = [rr 0.92476];
rr = [rr 0.835053];
rr = [rr 0.814403];
rr = [rr 0.772923];
rr = [rr 0.742623];
rr = [rr 0.737169];
rr = [rr 0.792718];
rr = [rr 0.742639];
rr = [rr 0.828831];
rr = [rr 0.798136];
rr = [rr 0.785627];
rr = [rr 0.686181];
rr = [rr 0.739755];
rr = [rr 0.591582];
rr = [rr 0.730007];
rr = [rr 0.705606];
rr = [rr 0.764117];
rr = [rr 0.63561];
rr = [rr 0.695674];
rr = [rr 0.65828];
rr = [rr 0.699444];
rr = [rr 0.632296];
rr = [rr 0.566023];
rr = [rr 0.716169];
rr = [rr 0.552472];
rr = [rr 0.529651];
rr = [rr 0.578939];
rr = [rr 0.60429];
rr = [rr 0.604074];
rr = [rr 0.547479];
rr = [rr 0.574793];
rr = [rr 0.521444];
rr = [rr 0.612647];
rr = [rr 0.547449];
rr = [rr 0.575189];
rr = [rr 0.561001];
rr = [rr 0.50132];
rr = [rr 0.481599];
rr = [rr 0.490862];
rr = [rr 0.342368];
rr = [rr 0.483737];
rr = [rr 0.396583];
rr = [rr 0.515694];
rr = [rr 0.402618];
rr = [rr 0.378744];
rr = [rr 0.432643];
rr = [rr 0.40099];
rr = [rr 0.395828];
rr = [rr 0.343195];
rr = [rr 0.336252];
rr = [rr 0.47751];
rr = [rr 0.327066];
rr = [rr 0.326832];
rr = [rr 0.334292];
rr = [rr 0.425017];
rr = [rr 0.382057];
rr = [rr 0.25408];
rr = [rr 0.321425];
rr = [rr 0.350118];
rr = [rr 0.33489];
rr = [rr 0.389493];
rr = [rr 0.327506];
rr = [rr 0.255233];
rr = [rr 0.33995];
rr = [rr 0.33554];
rr = [rr 0.238623];
rr = [rr 0.20321];
rr = [rr 0.331461];
rr = [rr 0.218757];
rr = [rr 0.260724];
rr = [rr 0.171137];
rr = [rr 0.272303];
rr = [rr 0.309816];
rr = [rr 0.199931];
rr = [rr 0.254727];
rr = [rr 0.231501];
rr = [rr 0.236911];
rr = [rr 0.313562];
rr = [rr 0.152023];
rr = [rr 0.116974];
rr = [rr 0.225544];
rr = [rr 0.231847];
rr = [rr 0.263666];
rr = [rr 0.104167];
rr = [rr 0.190242];
rr = [rr 0.226859];
rr = [rr 0.173625];
rr = [rr 0.172279];
rr = [rr 0.15986];
rr = [rr 0.201276];
rr = [rr 0.0917619];
rr = [rr 0.159633];
rr = [rr 0.216811];
rr = [rr 0.174144];
rr = [rr 0.225521];
rr = [rr 0.141511];
rr = [rr 0.106586];
rr = [rr 0.104269];
rr = [rr 0.123902];
rr = [rr 0.139007];
rr = [rr 0.108299];
rr = [rr 0.148294];
rr = [rr 0.170693];
rr = [rr 0.0972434];
rr = [rr 0.202861];
rr = [rr 0.181056];
rr = [rr 0.128544];
rr = [rr 0.16629];
rr = [rr 0.145461];
rr = [rr 0.135635];
rr = [rr 0.115433];
rr = [rr 0.133362];
rr = [rr 0.188659];
rr = [rr 0.14498];
rr = [rr 0.193531];
rr = [rr 0.185585];
rr = [rr 0.171147];
rr = [rr 0.241356];
rr = [rr 0.216387];
rr = [rr 0.135261];
rr = [rr 0.100788];
rr = [rr 0.126693];
rr = [rr 0.194609];
rr = [rr 0.163247];
rr = [rr 0.13228];
rr = [rr 0.128145];
rr = [rr 0.18764];
rr = [rr 0.0791502];
rr = [rr 0.200079];
rr = [rr 0.123513];
rr = [rr 0.204491];
rr = [rr 0.188402];
rr = [rr 0.109273];
rr = [rr 0.180845];
rr = [rr 0.1603];
rr = [rr 0.0893654];
rr = [rr 0.18321];
rr = [rr 0.170569];
rr = [rr 0.191633];
rr = [rr 0.131357];
rr = [rr 0.187445];
rr = [rr 0.148523];
rr = [rr 0.231044];
rr = [rr 0.227172];
rr = [rr 0.189688];
rr = [rr 0.105203];
rr = [rr 0.151484];
rr = [rr 0.15251];
rr = [rr 0.13277];
rr = [rr 0.194796];
rr = [rr 0.204878];
rr = [rr 0.115945];
rr = [rr 0.195322];
rr = [rr 0.138868];
rr = [rr 0.171281];
rr = [rr 0.149372];
rr = [rr 0.0837987];
rr = [rr 0.0791776];
rr = [rr 0.165809];
rr = [rr 0.169124];
rr = [rr 0.246839];
rr = [rr 0.149018];
rr = [rr 0.127956];
rr = [rr 0.150807];
rr = [rr 0.151469];
rr = [rr 0.152607];
rr = [rr 0.216499];
rr = [rr 0.146214];
rr = [rr 0.120443];
rr = [rr 0.167561];
rr = [rr 0.137934];
rr = [rr 0.183844];
rr = [rr 0.139834];
rr = [rr 0.132596];
rr = [rr 0.172994];
rr = [rr 0.191414];
rr = [rr 0.212471];
rr = [rr 0.131783];
rr = [rr 0.0913478];
rr = [rr 0.269395];
rr = [rr 0.190196];
rr = [rr 0.102692];
rr = [rr 0.20205];
rr = [rr 0.158112];
rr = [rr 0.159778];
rr = [rr 0.247551];
rr = [rr 0.242934];
rr = [rr 0.177866];
rr = [rr 0.137391];
rr = [rr 0.129547];
rr = [rr 0.209402];
rr = [rr 0.168633];
rr = [rr 0.283794];
rr = [rr 0.282314];
rr = [rr 0.189418];
rr = [rr 0.274825];
rr = [rr 0.113343];
rr = [rr 0.175302];
rr = [rr 0.23235];
rr = [rr 0.201196];
rr = [rr 0.258201];
rr = [rr 0.28173];
rr = [rr 0.177858];
rr = [rr 0.218481];
rr = [rr 0.327607];
rr = [rr 0.372476];
rr = [rr 0.238183];
rr = [rr 0.28437];
rr = [rr 0.244035];
rr = [rr 0.276879];
rr = [rr 0.237569];
rr = [rr 0.280229];
rr = [rr 1.59453];
rr = [rr 1.4991];
rr = [rr 1.56976];
rr = [rr 1.62796];
rr = [rr 1.51061];
rr = [rr 1.56551];
rr = [rr 1.44213];
rr = [rr 1.35726];
rr = [rr 1.36321];
rr = [rr 1.29008];
rr = [rr 1.22195];
rr = [rr 1.20727];
rr = [rr 1.15356];
rr = [rr 1.13811];
rr = [rr 1.11704];
rr = [rr 0.930774];
rr = [rr 1.06054];
rr = [rr 0.971215];
rr = [rr 0.944023];
rr = [rr 0.952928];
rr = [rr 0.898956];
rr = [rr 0.899268];
rr = [rr 0.850546];
rr = [rr 2.12406];
rr = [rr 2.15149];
rr = [rr 2.08857];
rr = [rr 2.24029];
rr = [rr 2.1198];
rr = [rr 2.17327];
rr = [rr 2.14547];
rr = [rr 2.15466];
rr = [rr 2.22006];
rr = [rr 2.27169];
rr = [rr 2.27486];
rr = [rr 2.20127];
rr = [rr 2.19615];
rr = [rr 2.23874];
rr = [rr 2.08136];
rr = [rr 2.00004];
rr = [rr 1.99428];
rr = [rr 1.87502];
rr = [rr 1.72153];
rr = [rr 1.78043];
rr = [rr 1.7294];
rr = [rr 1.58802];
rr = [rr 1.63252];
rr = [rr 1.53003];
rr = [rr 1.66002];
rr = [rr 1.66879];
rr = [rr 1.64785];
rr = [rr 1.6736];
rr = [rr 1.72467];
rr = [rr 1.71425];
rr = [rr 1.75257];
rr = [rr 1.77894];
rr = [rr 1.89222];
rr = [rr 1.87793];
rr = [rr 1.91243];
rr = [rr 1.8703];
rr = [rr 1.87043];
rr = [rr 1.74464];
rr = [rr 1.80322];
rr = [rr 1.78863];
rr = [rr 1.77729];
rr = [rr 1.73227];
rr = [rr 1.68057];
rr = [rr 1.73552];
rr = [rr 1.69901];
rr = [rr 1.69075];
rr = [rr 1.68162];
rr = [rr 1.62188];
rr = [rr 1.52785];
rr = [rr 1.54322];
rr = [rr 1.4816];
rr = [rr 1.58873];
rr = [rr 1.49401];
rr = [rr 1.43071];
rr = [rr 1.50118];
rr = [rr 1.51945];
rr = [rr 1.42837];
rr = [rr 1.50221];
rr = [rr 1.47277];
rr = [rr 1.44613];
rr = [rr 1.4641];
rr = [rr 1.49061];
rr = [rr 1.35912];
rr = [rr 1.47191];
rr = [rr 1.39695];
rr = [rr 1.20178];
rr = [rr 1.18073];
rr = [rr 1.16697];
rr = [rr 1.0672];
rr = [rr 1.0408];
rt = [];
rt = [rt 0];
rt = [rt 0.0174533];
rt = [rt 0.0349066];
rt = [rt 0.0523599];
rt = [rt 0.0698132];
rt = [rt 0.0872665];
rt = [rt 0.10472];
rt = [rt 0.122173];
rt = [rt 0.139626];
rt = [rt 0.15708];
rt = [rt 0.174533];
rt = [rt 0.191986];
rt = [rt 0.20944];
rt = [rt 0.226893];
rt = [rt 0.244346];
rt = [rt 0.261799];
rt = [rt 0.279253];
rt = [rt 0.296706];
rt = [rt 0.314159];
rt = [rt 0.331613];
rt = [rt 0.349066];
rt = [rt 0.366519];
rt = [rt 0.383972];
rt = [rt 0.401426];
rt = [rt 0.418879];
rt = [rt 0.436332];
rt = [rt 0.453786];
rt = [rt 0.471239];
rt = [rt 0.488692];
rt = [rt 0.506145];
rt = [rt 0.523599];
rt = [rt 0.541052];
rt = [rt 0.558505];
rt = [rt 0.575959];
rt = [rt 0.593412];
rt = [rt 0.610865];
rt = [rt 0.628319];
rt = [rt 0.645772];
rt = [rt 0.663225];
rt = [rt 0.680678];
rt = [rt 0.698132];
rt = [rt 0.715585];
rt = [rt 0.733038];
rt = [rt 0.750492];
rt = [rt 0.767945];
rt = [rt 0.785398];
rt = [rt 0.802851];
