rx = [];
ry = [];
rx = [rx -0.365401];
ry = [ry 1.63511];
rx = [rx -0.438305];
ry = [ry 1.57659];
rx = [rx -0.401971];
ry = [ry 1.5741];
rx = [rx -0.350741];
ry = [ry 1.58132];
rx = [rx -0.389618];
ry = [ry 1.5371];
rx = [rx -0.355497];
ry = [ry 1.53558];
rx = [rx -0.306958];
ry = [ry 1.54446];
rx = [rx -0.353598];
ry = [ry 1.49191];
rx = [rx -0.383226];
ry = [ry 1.44824];
rx = [rx -0.328832];
ry = [ry 1.46271];
rx = [rx -0.306168];
ry = [ry 1.45586];
rx = [rx -0.349494];
ry = [ry 1.39873];
rx = [rx -0.287735];
ry = [ry 1.42254];
rx = [rx -0.367856];
ry = [ry 1.33163];
rx = [rx -0.361956];
ry = [ry 1.30908];
rx = [rx -0.332005];
ry = [ry 1.30743];
rx = [rx -0.329148];
ry = [ry 1.28184];
rx = [rx -0.282028];
ry = [ry 1.29774];
rx = [rx -0.202662];
ry = [ry 1.3477];
rx = [rx -0.273104];
ry = [ry 1.24899];
rx = [rx -0.23045];
ry = [ry 1.26399];
rx = [rx -0.208707];
ry = [ry 1.25814];
rx = [rx -0.243088];
ry = [ry 1.18906];
rx = [rx -0.20487];
ry = [ry 1.20141];
rx = [rx -0.212231];
ry = [ry 1.16006];
rx = [rx -0.114567];
ry = [ry 1.24938];
rx = [rx -0.179824];
ry = [ry 1.13275];
rx = [rx -0.161268];
ry = [ry 1.12222];
rx = [rx -0.107988];
ry = [ry 1.16078];
rx = [rx -0.0940277];
ry = [ry 1.14567];
rx = [rx 0.0167395];
ry = [ry 1.27735];
rx = [rx -0.0563508];
ry = [ry 1.12993];
rx = [rx -0.00535106];
ry = [ry 1.17521];
rx = [rx 0.0516642];
ry = [ry 1.23526];
rx = [rx 0.0482074];
ry = [ry 1.19352];
rx = [rx 0.115193];
ry = [ry 1.27952];
rx = [rx 0.0969281];
ry = [ry 1.20889];
rx = [rx 0.121092];
ry = [ry 1.21832];
rx = [rx 0.130214];
ry = [ry 1.19757];
rx = [rx 0.170496];
ry = [ry 1.2444];
rx = [rx 0.180746];
ry = [ry 1.22689];
rx = [rx 0.185033];
ry = [ry 1.19379];
rx = [rx 0.235509];
ry = [ry 1.27605];
rx = [rx 0.236622];
ry = [ry 1.23477];
rx = [rx 0.270861];
ry = [ry 1.28377];
rx = [rx 0.263501];
ry = [ry 1.21375];
rx = [rx 0.276062];
ry = [ry 1.19945];
rx = [rx 0.298161];
ry = [ry 1.21642];
rx = [rx 0.320224];
ry = [ry 1.23622];
rx = [rx 0.328861];
ry = [ry 1.20707];
rx = [rx 0.347497];
ry = [ry 1.2161];
rx = [rx 0.361171];
ry = [ry 1.2046];
rx = [rx 0.38587];
ry = [ry 1.24655];
rx = [rx 0.400598];
ry = [ry 1.24285];
rx = [rx 0.429786];
ry = [ry 1.32673];
rx = [rx 0.422457];
ry = [ry 1.18291];
rx = [rx 0.449925];
ry = [ry 1.26968];
rx = [rx 0.46668];
ry = [ry 1.28846];
rx = [rx 0.48469];
ry = [ry 1.32831];
rx = [rx 0.50043];
ry = [ry 1.35738];
rx = [rx 0.513681];
ry = [ry 1.36196];
rx = [rx 0.524251];
ry = [ry 1.30581];
rx = [rx 0.539261];
ry = [ry 1.35543];
rx = [rx 0.551691];
ry = [ry 1.26905];
rx = [rx 0.56581];
ry = [ry 1.29978];
rx = [rx 0.579377];
ry = [ry 1.31256];
rx = [rx 0.588485];
ry = [ry 1.41242];
rx = [rx 0.603852];
ry = [ry 1.35961];
rx = [rx 0.604723];
ry = [ry 1.50823];
rx = [rx 0.628628];
ry = [ry 1.3714];
rx = [rx 0.638471];
ry = [ry 1.397];
rx = [rx 0.658477];
ry = [ry 1.34054];
rx = [rx 0.652357];
ry = [ry 1.46948];
rx = [rx 0.673375];
ry = [ry 1.41203];
rx = [rx 0.678418];
ry = [ry 1.45092];
rx = [rx 0.698001];
ry = [ry 1.41282];
rx = [rx 0.695232];
ry = [ry 1.48091];
rx = [rx 0.690341];
ry = [ry 1.54782];
rx = [rx 0.737889];
ry = [ry 1.40497];
rx = [rx 0.705801];
ry = [ry 1.56587];
rx = [rx 0.708525];
ry = [ry 1.59041];
rx = [rx 0.732301];
ry = [ry 1.54617];
rx = [rx 0.750008];
ry = [ry 1.5253];
rx = [rx 0.759899];
ry = [ry 1.52896];
rx = [rx 0.74984];
ry = [ry 1.58555];
rx = [rx 0.768828];
ry = [ry 1.56361];
rx = [rx 0.757577];
ry = [ry 1.61663];
rx = [rx 0.802528];
ry = [ry 1.53666];
rx = [rx 0.785095];
ry = [ry 1.60029];
rx = [rx 0.805751];
ry = [ry 1.57935];
rx = [rx 0.808399];
ry = [ry 1.59645];
rx = [rx 0.789417];
ry = [ry 1.65378];
rx = [rx 0.787677];
ry = [ry 1.67522];
rx = [rx 0.7996];
ry = [ry 1.67126];
rx = [rx 0.731312];
ry = [ry 1.80332];
rx = [rx 0.810602];
ry = [ry 1.68606];
rx = [rx 0.770733];
ry = [ry 1.76394];
rx = [rx 0.842526];
ry = [ry 1.66857];
rx = [rx 0.785687];
ry = [ry 1.76664];
rx = [rx 0.77752];
ry = [ry 1.79009];
rx = [rx 0.815029];
ry = [ry 1.75074];
rx = [rx 0.801715];
ry = [ry 1.78037];
rx = [rx 0.803994];
ry = [ry 1.78872];
rx = [rx 0.775768];
ry = [ry 1.83361];
rx = [rx 0.775825];
ry = [ry 1.84274];
rx = [rx 0.874117];
ry = [ry 1.74105];
rx = [rx 0.778371];
ry = [ry 1.8573];
rx = [rx 0.782375];
ry = [ry 1.86137];
rx = [rx 0.79171];
ry = [ry 1.86003];
rx = [rx 0.860698];
ry = [ry 1.80075];
rx = [rx 0.834599];
ry = [ry 1.83559];
rx = [rx 0.744557];
ry = [ry 1.92669];
rx = [rx 0.79807];
ry = [ry 1.8855];
rx = [rx 0.823605];
ry = [ry 1.87117];
rx = [rx 0.815746];
ry = [ry 1.88551];
rx = [rx 0.862232];
ry = [ry 1.85618];
rx = [rx 0.817129];
ry = [ry 1.89916];
rx = [rx 0.762349];
ry = [ry 1.94657];
rx = [rx 0.834055];
ry = [ry 1.90117];
rx = [rx 0.833804];
ry = [ry 1.90852];
rx = [rx 0.756111];
ry = [ry 1.96667];
rx = [rx 0.728454];
ry = [ry 1.98912];
rx = [rx 0.83985];
ry = [ry 1.9254];
rx = [rx 0.745561];
ry = [ry 1.98732];
rx = [rx 0.784041];
ry = [ry 1.97006];
rx = [rx 0.707396];
ry = [ry 2.01659];
rx = [rx 0.798647];
ry = [ry 1.97275];
rx = [rx 0.834409];
ry = [ry 1.96034];
rx = [rx 0.737464];
ry = [ry 2.01226];
rx = [rx 0.788851];
ry = [ry 1.99283];
rx = [rx 0.769326];
ry = [ry 2.0061];
rx = [rx 0.775898];
ry = [ry 2.00777];
rx = [rx 0.848827];
ry = [ry 1.98369];
rx = [rx 0.699321];
ry = [ry 2.04499];
rx = [rx 0.667153];
ry = [ry 2.0591];
rx = [rx 0.770861];
ry = [ry 2.02685];
rx = [rx 0.778084];
ry = [ry 2.02872];
rx = [rx 0.809788];
ry = [ry 2.02363];
rx = [rx 0.657238];
ry = [ry 2.07028];
rx = [rx 0.741093];
ry = [ry 2.05071];
rx = [rx 0.777515];
ry = [ry 2.04547];
rx = [rx 0.726394];
ry = [ry 2.06072];
rx = [rx 0.725696];
ry = [ry 2.06395];
rx = [rx 0.714046];
ry = [ry 2.06914];
rx = [rx 0.755389];
ry = [ry 2.06515];
rx = [rx 0.647577];
ry = [ry 2.08453];
rx = [rx 0.715109];
ry = [ry 2.07743];
rx = [rx 0.772268];
ry = [ry 2.07387];
rx = [rx 0.730173];
ry = [ry 2.08162];
rx = [rx 0.781659];
ry = [ry 2.08075];
rx = [rx 0.698057];
ry = [ry 2.08959];
rx = [rx 0.663284];
ry = [ry 2.09349];
rx = [rx 0.661028];
ry = [ry 2.0954];
rx = [rx 0.680688];
ry = [ry 2.0971];
rx = [rx 0.695786];
ry = [ry 2.09943];
rx = [rx 0.665042];
ry = [ry 2.10098];
rx = [rx 0.704923];
ry = [ry 2.10471];
rx = [rx 0.727135];
ry = [ry 2.10872];
rx = [rx 0.653712];
ry = [ry 2.10574];
rx = [rx 0.758664];
ry = [ry 2.11783];
rx = [rx 0.736627];
ry = [ry 2.11882];
rx = [rx 0.684189];
ry = [ry 2.11497];
rx = [rx 0.721188];
ry = [ry 2.12287];
rx = [rx 0.700192];
ry = [ry 2.12224];
rx = [rx 0.690088];
ry = [ry 2.12292];
rx = [rx 0.669844];
ry = [ry 2.12117];
rx = [rx 0.686914];
ry = [ry 2.12706];
rx = [rx 0.74012];
ry = [ry 2.14238];
rx = [rx 0.697056];
ry = [ry 2.13452];
rx = [rx 0.743146];
ry = [ry 2.15006];
rx = [rx 0.734594];
ry = [ry 2.15103];
rx = [rx 0.719881];
ry = [ry 2.14975];
rx = [rx 0.785473];
ry = [ry 2.17504];
rx = [rx 0.760577];
ry = [ry 2.17062];
rx = [rx 0.683361];
ry = [ry 2.14556];
rx = [rx 0.650468];
ry = [ry 2.13504];
rx = [rx 0.673712];
ry = [ry 2.14665];
rx = [rx 0.735056];
ry = [ry 2.17592];
rx = [rx 0.705162];
ry = [ry 2.16594];
rx = [rx 0.676035];
ry = [ry 2.15512];
rx = [rx 0.671322];
ry = [ry 2.15534];
rx = [rx 0.723003];
ry = [ry 2.18493];
rx = [rx 0.626249];
ry = [ry 2.13581];
rx = [rx 0.730674];
ry = [ry 2.19684];
rx = [rx 0.663049];
ry = [ry 2.16082];
rx = [rx 0.73087];
ry = [ry 2.20516];
rx = [rx 0.715424];
ry = [ry 2.1995];
rx = [rx 0.647753];
ry = [ry 2.15841];
rx = [rx 0.705563];
ry = [ry 2.20068];
rx = [rx 0.687051];
ry = [ry 2.19129];
rx = [rx 0.628488];
ry = [ry 2.1512];
rx = [rx 0.701851];
ry = [ry 2.20977];
rx = [rx 0.690003];
ry = [ry 2.20439];
rx = [rx 0.704342];
ry = [ry 2.22014];
rx = [rx 0.656453];
ry = [ry 2.18343];
rx = [rx 0.696855];
ry = [ry 2.22243];
rx = [rx 0.666032];
ry = [ry 2.19849];
rx = [rx 0.723971];
ry = [ry 2.25733];
rx = [rx 0.718408];
ry = [ry 2.25751];
rx = [rx 0.689393];
ry = [ry 2.2335];
rx = [rx 0.629008];
ry = [ry 2.17436];
rx = [rx 0.658841];
ry = [ry 2.20981];
rx = [rx 0.657549];
ry = [ry 2.21235];
rx = [rx 0.642755];
ry = [ry 2.19904];
rx = [rx 0.680306];
