rx = [];
ry = [];
rx = [rx -0.36498];
ry = [ry 1.63422];
rx = [rx -0.437888];
ry = [ry 1.57571];
rx = [rx -0.401553];
ry = [ry 1.57322];
rx = [rx -0.350324];
ry = [ry 1.58043];
rx = [rx -0.389203];
ry = [ry 1.53622];
rx = [rx -0.355083];
ry = [ry 1.53469];
rx = [rx -0.306543];
ry = [ry 1.54358];
rx = [rx -0.353187];
ry = [ry 1.49103];
rx = [rx -0.382818];
ry = [ry 1.44736];
rx = [rx -0.328424];
ry = [ry 1.46182];
rx = [rx -0.30576];
ry = [ry 1.45498];
rx = [rx -0.34909];
ry = [ry 1.39785];
rx = [rx -0.28733];
ry = [ry 1.42165];
rx = [rx -0.367457];
ry = [ry 1.33075];
rx = [rx -0.361558];
ry = [ry 1.3082];
rx = [rx -0.331608];
ry = [ry 1.30655];
rx = [rx -0.328753];
ry = [ry 1.28096];
rx = [rx -0.281631];
ry = [ry 1.29685];
rx = [rx -0.202262];
ry = [ry 1.3468];
rx = [rx -0.272711];
ry = [ry 1.24811];
rx = [rx -0.230056];
ry = [ry 1.2631];
rx = [rx -0.208313];
ry = [ry 1.25724];
rx = [rx -0.2427];
ry = [ry 1.18817];
rx = [rx -0.204481];
ry = [ry 1.20052];
rx = [rx -0.211845];
ry = [ry 1.15916];
rx = [rx -0.114174];
ry = [ry 1.24848];
rx = [rx -0.17944];
ry = [ry 1.13186];
rx = [rx -0.160885];
ry = [ry 1.12132];
rx = [rx -0.107601];
ry = [ry 1.15988];
rx = [rx -0.0936427];
ry = [ry 1.14477];
rx = [rx 0.0171344];
ry = [ry 1.27644];
rx = [rx -0.055967];
ry = [ry 1.12903];
rx = [rx -0.00496383];
ry = [ry 1.1743];
rx = [rx 0.052056];
ry = [ry 1.23435];
rx = [rx 0.048596];
ry = [ry 1.19261];
rx = [rx 0.115588];
ry = [ry 1.27861];
rx = [rx 0.0973178];
ry = [ry 1.20798];
rx = [rx 0.121482];
ry = [ry 1.2174];
rx = [rx 0.130603];
ry = [ry 1.19665];
rx = [rx 0.170888];
ry = [ry 1.24348];
rx = [rx 0.181137];
ry = [ry 1.22597];
rx = [rx 0.185422];
ry = [ry 1.19286];
rx = [rx 0.235904];
ry = [ry 1.27512];
rx = [rx 0.237014];
ry = [ry 1.23384];
rx = [rx 0.271256];
ry = [ry 1.28284];
rx = [rx 0.263891];
ry = [ry 1.21283];
rx = [rx 0.276451];
ry = [ry 1.19852];
rx = [rx 0.298552];
ry = [ry 1.21549];
rx = [rx 0.320615];
ry = [ry 1.23529];
rx = [rx 0.329251];
ry = [ry 1.20614];
rx = [rx 0.347888];
ry = [ry 1.21517];
rx = [rx 0.36156];
ry = [ry 1.20367];
rx = [rx 0.386263];
ry = [ry 1.24561];
rx = [rx 0.40099];
ry = [ry 1.24191];
rx = [rx 0.430185];
ry = [ry 1.32579];
rx = [rx 0.422845];
ry = [ry 1.18197];
rx = [rx 0.45032];
ry = [ry 1.26873];
rx = [rx 0.467076];
ry = [ry 1.28752];
rx = [rx 0.485088];
ry = [ry 1.32737];
rx = [rx 0.500831];
ry = [ry 1.35644];
rx = [rx 0.514082];
ry = [ry 1.36101];
rx = [rx 0.524648];
ry = [ry 1.30486];
rx = [rx 0.539662];
ry = [ry 1.35448];
rx = [rx 0.552085];
ry = [ry 1.2681];
rx = [rx 0.566206];
ry = [ry 1.29883];
rx = [rx 0.579775];
ry = [ry 1.31161];
rx = [rx 0.58889];
ry = [ry 1.41146];
rx = [rx 0.604253];
ry = [ry 1.35865];
rx = [rx 0.605135];
ry = [ry 1.50727];
rx = [rx 0.62903];
ry = [ry 1.37044];
rx = [rx 0.638875];
ry = [ry 1.39604];
rx = [rx 0.658877];
ry = [ry 1.33958];
rx = [rx 0.652766];
ry = [ry 1.46852];
rx = [rx 0.67378];
ry = [ry 1.41107];
rx = [rx 0.678826];
ry = [ry 1.44996];
rx = [rx 0.698406];
ry = [ry 1.41186];
rx = [rx 0.695642];
ry = [ry 1.47995];
rx = [rx 0.690757];
ry = [ry 1.54686];
rx = [rx 0.738293];
ry = [ry 1.40401];
rx = [rx 0.706218];
ry = [ry 1.5649];
rx = [rx 0.708944];
ry = [ry 1.58945];
rx = [rx 0.732716];
ry = [ry 1.54521];
rx = [rx 0.750422];
ry = [ry 1.52433];
rx = [rx 0.760312];
ry = [ry 1.52799];
rx = [rx 0.750258];
ry = [ry 1.58459];
rx = [rx 0.769244];
ry = [ry 1.56264];
rx = [rx 0.757997];
ry = [ry 1.61566];
rx = [rx 0.802942];
ry = [ry 1.53569];
rx = [rx 0.785514];
ry = [ry 1.59932];
rx = [rx 0.806168];
ry = [ry 1.57838];
rx = [rx 0.808818];
ry = [ry 1.59548];
rx = [rx 0.78984];
ry = [ry 1.65282];
rx = [rx 0.788102];
ry = [ry 1.67425];
rx = [rx 0.800025];
ry = [ry 1.67029];
rx = [rx 0.731747];
ry = [ry 1.80235];
rx = [rx 0.811028];
ry = [ry 1.68509];
rx = [rx 0.771165];
ry = [ry 1.76297];
rx = [rx 0.84295];
ry = [ry 1.6676];
rx = [rx 0.786119];
ry = [ry 1.76568];
rx = [rx 0.777953];
ry = [ry 1.78912];
rx = [rx 0.81546];
ry = [ry 1.74977];
rx = [rx 0.802147];
ry = [ry 1.7794];
rx = [rx 0.804427];
ry = [ry 1.78775];
rx = [rx 0.776205];
ry = [ry 1.83264];
rx = [rx 0.776262];
ry = [ry 1.84177];
rx = [rx 0.874546];
ry = [ry 1.74007];
rx = [rx 0.77881];
ry = [ry 1.85633];
rx = [rx 0.782813];
ry = [ry 1.8604];
rx = [rx 0.792148];
ry = [ry 1.85907];
rx = [rx 0.861132];
ry = [ry 1.79977];
rx = [rx 0.835036];
ry = [ry 1.83462];
rx = [rx 0.745001];
ry = [ry 1.92573];
rx = [rx 0.79851];
ry = [ry 1.88453];
rx = [rx 0.824045];
ry = [ry 1.8702];
rx = [rx 0.816186];
ry = [ry 1.88454];
rx = [rx 0.86267];
ry = [ry 1.85521];
rx = [rx 0.817571];
ry = [ry 1.89819];
rx = [rx 0.762795];
ry = [ry 1.94561];
rx = [rx 0.834497];
ry = [ry 1.9002];
rx = [rx 0.834246];
ry = [ry 1.90755];
rx = [rx 0.756558];
ry = [ry 1.96571];
rx = [rx 0.728903];
ry = [ry 1.98816];
rx = [rx 0.840294];
ry = [ry 1.92443];
rx = [rx 0.746009];
ry = [ry 1.98636];
rx = [rx 0.784488];
ry = [ry 1.96909];
rx = [rx 0.707846];
ry = [ry 2.01563];
rx = [rx 0.799094];
ry = [ry 1.97178];
rx = [rx 0.834855];
ry = [ry 1.95937];
rx = [rx 0.737914];
ry = [ry 2.01129];
rx = [rx 0.7893];
ry = [ry 1.99186];
rx = [rx 0.769775];
ry = [ry 2.00513];
rx = [rx 0.776348];
ry = [ry 2.0068];
rx = [rx 0.849275];
ry = [ry 1.98272];
rx = [rx 0.699773];
ry = [ry 2.04403];
rx = [rx 0.667607];
ry = [ry 2.05814];
rx = [rx 0.771312];
ry = [ry 2.02588];
rx = [rx 0.778535];
ry = [ry 2.02775];
rx = [rx 0.810239];
ry = [ry 2.02266];
rx = [rx 0.657692];
ry = [ry 2.06933];
rx = [rx 0.741546];
ry = [ry 2.04974];
rx = [rx 0.777968];
ry = [ry 2.04451];
rx = [rx 0.726848];
ry = [ry 2.05976];
rx = [rx 0.72615];
ry = [ry 2.06299];
rx = [rx 0.714501];
ry = [ry 2.06817];
rx = [rx 0.755843];
ry = [ry 2.06419];
rx = [rx 0.648032];
ry = [ry 2.08358];
rx = [rx 0.715564];
ry = [ry 2.07647];
rx = [rx 0.772723];
ry = [ry 2.07291];
rx = [rx 0.730628];
ry = [ry 2.08066];
rx = [rx 0.782114];
ry = [ry 2.07978];
rx = [rx 0.698513];
ry = [ry 2.08863];
rx = [rx 0.66374];
ry = [ry 2.09253];
rx = [rx 0.661485];
ry = [ry 2.09444];
rx = [rx 0.681144];
ry = [ry 2.09614];
rx = [rx 0.696243];
ry = [ry 2.09847];
rx = [rx 0.665499];
ry = [ry 2.10002];
rx = [rx 0.70538];
ry = [ry 2.10375];
rx = [rx 0.727593];
ry = [ry 2.10776];
rx = [rx 0.654169];
ry = [ry 2.10478];
rx = [rx 0.759123];
ry = [ry 2.11686];
rx = [rx 0.737085];
ry = [ry 2.11786];
rx = [rx 0.684647];
ry = [ry 2.11401];
rx = [rx 0.721646];
ry = [ry 2.1219];
rx = [rx 0.70065];
ry = [ry 2.12128];
rx = [rx 0.690546];
ry = [ry 2.12196];
rx = [rx 0.670302];
ry = [ry 2.12021];
rx = [rx 0.687372];
ry = [ry 2.1261];
rx = [rx 0.74058];
ry = [ry 2.14141];
rx = [rx 0.697516];
ry = [ry 2.13356];
rx = [rx 0.743607];
ry = [ry 2.1491];
rx = [rx 0.735055];
ry = [ry 2.15007];
rx = [rx 0.720341];
ry = [ry 2.14879];
rx = [rx 0.785936];
ry = [ry 2.17407];
rx = [rx 0.761039];
ry = [ry 2.16965];
rx = [rx 0.683821];
ry = [ry 2.1446];
rx = [rx 0.650927];
ry = [ry 2.13409];
rx = [rx 0.674172];
ry = [ry 2.14569];
rx = [rx 0.735518];
ry = [ry 2.17496];
rx = [rx 0.705624];
ry = [ry 2.16498];
rx = [rx 0.676496];
ry = [ry 2.15416];
rx = [rx 0.671783];
ry = [ry 2.15438];
rx = [rx 0.723466];
ry = [ry 2.18397];
rx = [rx 0.626709];
ry = [ry 2.13485];
rx = [rx 0.731138];
ry = [ry 2.19587];
rx = [rx 0.66351];
ry = [ry 2.15987];
rx = [rx 0.731334];
ry = [ry 2.20419];
rx = [rx 0.715888];
ry = [ry 2.19854];
rx = [rx 0.648214];
ry = [ry 2.15745];
rx = [rx 0.706027];
ry = [ry 2.19972];
rx = [rx 0.687514];
ry = [ry 2.19033];
rx = [rx 0.628948];
ry = [ry 2.15025];
rx = [rx 0.702316];
ry = [ry 2.20881];
rx = [rx 0.690467];
ry = [ry 2.20343];
rx = [rx 0.704808];
ry = [ry 2.21918];
rx = [rx 0.656916];
ry = [ry 2.18247];
rx = [rx 0.697321];
ry = [ry 2.22147];
rx = [rx 0.666496];
ry = [ry 2.19753];
rx = [rx 0.72444];
ry = [ry 2.25637];
rx = [rx 0.718877];
ry = [ry 2.25654];
rx = [rx 0.68986];
ry = [ry 2.23254];
rx = [rx 0.62947];
ry = [ry 2.1734];
rx = [rx 0.659306];
ry = [ry 2.20885];
rx = [rx 0.658015];
ry = [ry 2.21139];
rx = [rx 0.643219];
ry = [ry 2.19809];
rx = [rx 0.680774];
