rx = [];
ry = [];
rx = [rx -0.476729];
ry = [ry 1.77942];
rx = [rx -0.557569];
ry = [ry 1.73247];
rx = [rx -0.522017];
ry = [ry 1.72457];
rx = [rx -0.470284];
ry = [ry 1.72405];
rx = [rx -0.51534];
ry = [ry 1.68614];
rx = [rx -0.481832];
ry = [ry 1.67953];
rx = [rx -0.432509];
ry = [ry 1.68105];
rx = [rx -0.486488];
ry = [ry 1.63608];
rx = [rx -0.522319];
ry = [ry 1.59733];
rx = [rx -0.466372];
ry = [ry 1.60349];
rx = [rx -0.444987];
ry = [ry 1.59333];
rx = [rx -0.496375];
ry = [ry 1.54333];
rx = [rx -0.43175];
ry = [ry 1.55763];
rx = [rx -0.524573];
ry = [ry 1.47974];
rx = [rx -0.522114];
ry = [ry 1.45655];
rx = [rx -0.492747];
ry = [ry 1.45044];
rx = [rx -0.493752];
ry = [ry 1.42471];
rx = [rx -0.444784];
ry = [ry 1.43338];
rx = [rx -0.358835];
ry = [ry 1.4709];
rx = [rx -0.443255];
ry = [ry 1.38385];
rx = [rx -0.398836];
ry = [ry 1.3923];
rx = [rx -0.378215];
ry = [ry 1.38325];
rx = [rx -0.422547];
ry = [ry 1.3201];
rx = [rx -0.382911];
ry = [ry 1.32659];
rx = [rx -0.396378];
ry = [ry 1.2868];
rx = [rx -0.286446];
ry = [ry 1.3605];
rx = [rx -0.368422];
ry = [ry 1.25496];
rx = [rx -0.351651];
ry = [ry 1.24176];
rx = [rx -0.2932];
ry = [ry 1.27192];
rx = [rx -0.281658];
ry = [ry 1.25489];
rx = [rx -0.152432];
ry = [ry 1.36851];
rx = [rx -0.246761];
ry = [ry 1.23369];
rx = [rx -0.18956];
ry = [ry 1.27082];
rx = [rx -0.1242];
ry = [ry 1.32166];
rx = [rx -0.133864];
ry = [ry 1.28091];
rx = [rx -0.0547618];
ry = [ry 1.35592];
rx = [rx -0.0833914];
ry = [ry 1.28882];
rx = [rx -0.0580892];
ry = [ry 1.29453];
rx = [rx -0.0521753];
ry = [ry 1.27264];
rx = [rx -0.00533865];
ry = [ry 1.31292];
rx = [rx 0.00217611];
ry = [ry 1.29408];
rx = [rx 0.00146044];
ry = [ry 1.2607];
rx = [rx 0.0636789];
ry = [ry 1.33448];
rx = [rx 0.0586015];
ry = [ry 1.2935];
rx = [rx 0.0997876];
ry = [ry 1.33682];
rx = [rx 0.0820324];
ry = [ry 1.2687];
rx = [rx 0.0923113];
ry = [ry 1.25267];
rx = [rx 0.116702];
ry = [ry 1.26615];
rx = [rx 0.141479];
ry = [ry 1.28243];
rx = [rx 0.145657];
ry = [ry 1.25231];
rx = [rx 0.165435];
ry = [ry 1.25845];
rx = [rx 0.177233];
ry = [ry 1.24503];
rx = [rx 0.207933];
ry = [ry 1.28281];
rx = [rx 0.221939];
ry = [ry 1.27694];
rx = [rx 0.263353];
ry = [ry 1.35551];
rx = [rx 0.234583];
ry = [ry 1.21441];
rx = [rx 0.274727];
ry = [ry 1.29609];
rx = [rx 0.294104];
ry = [ry 1.31216];
rx = [rx 0.317874];
ry = [ry 1.34886];
rx = [rx 0.337789];
ry = [ry 1.37525];
rx = [rx 0.351575];
ry = [ry 1.37779];
rx = [rx 0.353624];
ry = [ry 1.3207];
rx = [rx 0.37589];
ry = [ry 1.36751];
rx = [rx 0.375252];
ry = [ry 1.28024];
rx = [rx 0.393811];
ry = [ry 1.30851];
rx = [rx 0.409139];
ry = [ry 1.31912];
rx = [rx 0.433088];
ry = [ry 1.41649];
rx = [rx 0.440378];
ry = [ry 1.36197];
rx = [rx 0.463481];
ry = [ry 1.50879];
rx = [rx 0.466641];
ry = [ry 1.36992];
rx = [rx 0.480204];
ry = [ry 1.39376];
rx = [rx 0.491536];
ry = [ry 1.33495];
rx = [rx 0.50478];
ry = [ry 1.46335];
rx = [rx 0.516964];
ry = [ry 1.4034];
rx = [rx 0.52777];
ry = [ry 1.4411];
rx = [rx 0.541431];
ry = [ry 1.4005];
rx = [rx 0.548884];
ry = [ry 1.46823];
rx = [rx 0.554062];
ry = [ry 1.53512];
rx = [rx 0.579695];
ry = [ry 1.38677];
rx = [rx 0.572048];
ry = [ry 1.55065];
rx = [rx 0.578415];
ry = [ry 1.57451];
rx = [rx 0.595301];
ry = [ry 1.52721];
rx = [rx 0.609685];
ry = [ry 1.50392];
rx = [rx 0.620013];
ry = [ry 1.50606];
rx = [rx 0.618536];
ry = [ry 1.56352];
rx = [rx 0.634027];
ry = [ry 1.53899];
rx = [rx 0.630837];
ry = [ry 1.59309];
rx = [rx 0.663314];
ry = [ry 1.5073];
rx = [rx 0.6556];
ry = [ry 1.57282];
rx = [rx 0.672889];
ry = [ry 1.54902];
rx = [rx 0.678067];
ry = [ry 1.56554];
rx = [rx 0.66788];
ry = [ry 1.62507];
rx = [rx 0.669367];
ry = [ry 1.64652];
rx = [rx 0.680564];
ry = [ry 1.64082];
rx = [rx 0.632808];
ry = [ry 1.78161];
rx = [rx 0.693657];
ry = [ry 1.65381];
rx = [rx 0.665892];
ry = [ry 1.73678];
rx = [rx 0.722603];
ry = [ry 1.63173];
rx = [rx 0.681082];
ry = [ry 1.73721];
rx = [rx 0.676515];
ry = [ry 1.76162];
rx = [rx 0.707714];
ry = [ry 1.7171];
rx = [rx 0.698982];
ry = [ry 1.74838];
rx = [rx 0.702487];
ry = [ry 1.7563];
rx = [rx 0.681297];
ry = [ry 1.80491];
rx = [rx 0.682718];
ry = [ry 1.81393];
rx = [rx 0.764684];
ry = [ry 1.69867];
rx = [rx 0.687415];
ry = [ry 1.82794];
rx = [rx 0.691983];
ry = [ry 1.83137];
rx = [rx 0.701013];
ry = [ry 1.82865];
rx = [rx 0.760352];
ry = [ry 1.75971];
rx = [rx 0.739761];
ry = [ry 1.79806];
rx = [rx 0.664368];
ry = [ry 1.90161];
rx = [rx 0.711113];
ry = [ry 1.85288];
rx = [rx 0.734215];
ry = [ry 1.83488];
rx = [rx 0.728592];
ry = [ry 1.85024];
rx = [rx 0.770165];
ry = [ry 1.81429];
rx = [rx 0.732002];
ry = [ry 1.86353];
rx = [rx 0.684935];
ry = [ry 1.91861];
rx = [rx 0.749037];
ry = [ry 1.86298];
rx = [rx 0.74989];
ry = [ry 1.87029];
rx = [rx 0.681774];
ry = [ry 1.93941];
rx = [rx 0.657789];
ry = [ry 1.96575];
rx = [rx 0.758395];
ry = [ry 1.88608];
rx = [rx 0.674433];
ry = [ry 1.96141];
rx = [rx 0.709897];
ry = [ry 1.93859];
rx = [rx 0.641079];
ry = [ry 1.99606];
rx = [rx 0.724741];
ry = [ry 1.93906];
rx = [rx 0.758242];
ry = [ry 1.92143];
rx = [rx 0.670159];
ry = [ry 1.98728];
rx = [rx 0.71806];
ry = [ry 1.96038];
rx = [rx 0.700741];
ry = [ry 1.97642];
rx = [rx 0.707488];
ry = [ry 1.97708];
rx = [rx 0.775994];
ry = [ry 1.94237];
rx = [rx 0.637344];
ry = [ry 2.02535];
rx = [rx 0.607651];
ry = [ry 2.04412];
rx = [rx 0.705364];
ry = [ry 1.99671];
rx = [rx 0.712785];
ry = [ry 1.99747];
rx = [rx 0.743371];
ry = [ry 1.9877];
rx = [rx 0.599521];
ry = [ry 2.05666];
rx = [rx 0.679501];
ry = [ry 2.02475];
rx = [rx 0.71473];
ry = [ry 2.01412];
rx = [rx 0.666467];
ry = [ry 2.03685];
rx = [rx 0.666261];
ry = [ry 2.04015];
rx = [rx 0.655518];
ry = [ry 2.04702];
rx = [rx 0.695799];
ry = [ry 2.0369];
rx = [rx 0.592101];
ry = [ry 2.07219];
rx = [rx 0.65781];
ry = [ry 2.05507];
rx = [rx 0.713793];
ry = [ry 2.04299];
rx = [rx 0.673331];
ry = [ry 2.05695];
rx = [rx 0.724107];
ry = [ry 2.04838];
rx = [rx 0.64277];
ry = [ry 2.06963];
rx = [rx 0.608972];
ry = [ry 2.07869];
rx = [rx 0.607028];
ry = [ry 2.08092];
rx = [rx 0.62672];
ry = [ry 2.07966];
rx = [rx 0.641998];
ry = [ry 2.07971];
rx = [rx 0.611831];
ry = [ry 2.08584];
rx = [rx 0.651822];
ry = [ry 2.08356];
rx = [rx 0.674384];
ry = [ry 2.0842];
rx = [rx 0.601341];
ry = [ry 2.09224];
rx = [rx 0.70692];
ry = [ry 2.08848];
rx = [rx 0.68528];
ry = [ry 2.09277];
rx = [rx 0.632856];
ry = [ry 2.09681];
rx = [rx 0.67062];
ry = [ry 2.09908];
rx = [rx 0.649767];
ry = [ry 2.1016];
rx = [rx 0.639879];
ry = [ry 2.10379];
rx = [rx 0.6196];
ry = [ry 2.10508];
rx = [rx 0.63736];
ry = [ry 2.10835];
rx = [rx 0.692259];
ry = [ry 2.11553];
rx = [rx 0.648505];
ry = [ry 2.11421];
rx = [rx 0.696401];
ry = [ry 2.12268];
rx = [rx 0.68809];
ry = [ry 2.12492];
rx = [rx 0.673351];
ry = [ry 2.12585];
rx = [rx 0.741989];
ry = [ry 2.14104];
rx = [rx 0.716712];
ry = [ry 2.1404];
rx = [rx 0.636615];
ry = [ry 2.12717];
rx = [rx 0.602519];
ry = [ry 2.1217];
rx = [rx 0.627238];
ry = [ry 2.12969];
rx = [rx 0.692272];
ry = [ry 2.14946];
rx = [rx 0.661221];
ry = [ry 2.14407];
rx = [rx 0.630803];
ry = [ry 2.13772];
rx = [rx 0.626175];
ry = [ry 2.13864];
rx = [rx 0.681704];
ry = [ry 2.16017];
rx = [rx 0.578688];
ry = [ry 2.12608];
rx = [rx 0.691069];
ry = [ry 2.17079];
rx = [rx 0.618816];
ry = [ry 2.14531];
rx = [rx 0.692508];
ry = [ry 2.17899];
rx = [rx 0.67639];
ry = [ry 2.17571];
rx = [rx 0.603332];
ry = [ry 2.14521];
rx = [rx 0.666816];
ry = [ry 2.17835];
rx = [rx 0.647107];
ry = [ry 2.17183];
rx = [rx 0.583205];
ry = [ry 2.14097];
rx = [rx 0.664506];
ry = [ry 2.18789];
rx = [rx 0.651986];
ry = [ry 2.18435];
rx = [rx 0.668521];
ry = [ry 2.19777];
rx = [rx 0.615678];
ry = [ry 2.16865];
rx = [rx 0.661462];
ry = [ry 2.20116];
rx = [rx 0.627402];
ry = [ry 2.1821];
rx = [rx 0.693496];
ry = [ry 2.23161];
rx = [rx 0.688021];
ry = [ry 2.23262];
rx = [rx 0.65574];
ry = [ry 2.21322];
rx = [rx 0.587185];
ry = [ry 2.16379];
rx = [rx 0.621988];
ry = [ry 2.19437];
rx = [rx 0.62109];
ry = [ry 2.19707];
rx = [rx 0.604471];
ry = [ry 2.18613];
rx = [rx 0.649];
