rx = [];
ry = [];
rx = [rx -0.366138];
ry = [ry 1.63505];
rx = [rx -0.439117];
ry = [ry 1.57663];
rx = [rx -0.402786];
ry = [ry 1.57409];
rx = [rx -0.351547];
ry = [ry 1.58124];
rx = [rx -0.390481];
ry = [ry 1.53708];
rx = [rx -0.356362];
ry = [ry 1.53551];
rx = [rx -0.307812];
ry = [ry 1.54433];
rx = [rx -0.354519];
ry = [ry 1.49184];
rx = [rx -0.384204];
ry = [ry 1.44821];
rx = [rx -0.329792];
ry = [ry 1.46261];
rx = [rx -0.307136];
ry = [ry 1.45573];
rx = [rx -0.350536];
ry = [ry 1.39866];
rx = [rx -0.288747];
ry = [ry 1.42239];
rx = [rx -0.368985];
ry = [ry 1.33159];
rx = [rx -0.363113];
ry = [ry 1.30902];
rx = [rx -0.333164];
ry = [ry 1.30734];
rx = [rx -0.330341];
ry = [ry 1.28174];
rx = [rx -0.2832];
ry = [ry 1.29758];
rx = [rx -0.20377];
ry = [ry 1.34743];
rx = [rx -0.274339];
ry = [ry 1.24882];
rx = [rx -0.231665];
ry = [ry 1.26377];
rx = [rx -0.20993];
ry = [ry 1.25788];
rx = [rx -0.244401];
ry = [ry 1.18885];
rx = [rx -0.206166];
ry = [ry 1.20115];
rx = [rx -0.213581];
ry = [ry 1.1598];
rx = [rx -0.115802];
ry = [ry 1.249];
rx = [rx -0.18121];
ry = [ry 1.13246];
rx = [rx -0.162667];
ry = [ry 1.1219];
rx = [rx -0.109337];
ry = [ry 1.1604];
rx = [rx -0.0953964];
ry = [ry 1.14527];
rx = [rx 0.0155407];
ry = [ry 1.27681];
rx = [rx -0.0577399];
ry = [ry 1.12948];
rx = [rx -0.00668168];
ry = [ry 1.17469];
rx = [rx 0.0504111];
ry = [ry 1.23467];
rx = [rx 0.0469003];
ry = [ry 1.19293];
rx = [rx 0.113997];
ry = [ry 1.27885];
rx = [rx 0.0956409];
ry = [ry 1.20825];
rx = [rx 0.119816];
ry = [ry 1.21764];
rx = [rx 0.128912];
ry = [ry 1.19688];
rx = [rx 0.169254];
ry = [ry 1.24366];
rx = [rx 0.179482];
ry = [ry 1.22614];
rx = [rx 0.183727];
ry = [ry 1.19302];
rx = [rx 0.234309];
ry = [ry 1.27522];
rx = [rx 0.235368];
ry = [ry 1.23394];
rx = [rx 0.26967];
ry = [ry 1.28289];
rx = [rx 0.262219];
ry = [ry 1.21289];
rx = [rx 0.274762];
ry = [ry 1.19857];
rx = [rx 0.296884];
ry = [ry 1.21551];
rx = [rx 0.318972];
ry = [ry 1.23529];
rx = [rx 0.327572];
ry = [ry 1.20612];
rx = [rx 0.346219];
ry = [ry 1.21513];
rx = [rx 0.359878];
ry = [ry 1.20361];
rx = [rx 0.384632];
ry = [ry 1.24553];
rx = [rx 0.399354];
ry = [ry 1.2418];
rx = [rx 0.428651];
ry = [ry 1.32565];
rx = [rx 0.421136];
ry = [ry 1.18184];
rx = [rx 0.448716];
ry = [ry 1.26857];
rx = [rx 0.465496];
ry = [ry 1.28733];
rx = [rx 0.483556];
ry = [ry 1.32716];
rx = [rx 0.499335];
ry = [ry 1.35621];
rx = [rx 0.512591];
ry = [ry 1.36077];
rx = [rx 0.523089];
ry = [ry 1.30461];
rx = [rx 0.538163];
ry = [ry 1.35421];
rx = [rx 0.550481];
ry = [ry 1.26781];
rx = [rx 0.564639];
ry = [ry 1.29852];
rx = [rx 0.578223];
ry = [ry 1.31129];
rx = [rx 0.58746];
ry = [ry 1.41113];
rx = [rx 0.602758];
ry = [ry 1.3583];
rx = [rx 0.603821];
ry = [ry 1.50692];
rx = [rx 0.62755];
ry = [ry 1.37006];
rx = [rx 0.637426];
ry = [ry 1.39565];
rx = [rx 0.657359];
ry = [ry 1.33917];
rx = [rx 0.651406];
ry = [ry 1.46811];
rx = [rx 0.67235];
ry = [ry 1.41063];
rx = [rx 0.677442];
ry = [ry 1.44952];
rx = [rx 0.696976];
ry = [ry 1.4114];
rx = [rx 0.694296];
ry = [ry 1.47949];
rx = [rx 0.689491];
ry = [ry 1.54641];
rx = [rx 0.736854];
ry = [ry 1.40349];
rx = [rx 0.704974];
ry = [ry 1.56443];
rx = [rx 0.70773];
ry = [ry 1.58897];
rx = [rx 0.731448];
ry = [ry 1.5447];
rx = [rx 0.749129];
ry = [ry 1.5238];
rx = [rx 0.759024];
ry = [ry 1.52745];
rx = [rx 0.749038];
ry = [ry 1.58406];
rx = [rx 0.767998];
ry = [ry 1.56209];
rx = [rx 0.756815];
ry = [ry 1.61512];
rx = [rx 0.801663];
ry = [ry 1.5351];
rx = [rx 0.784312];
ry = [ry 1.59875];
rx = [rx 0.804941];
ry = [ry 1.57778];
rx = [rx 0.807611];
ry = [ry 1.59488];
rx = [rx 0.788704];
ry = [ry 1.65224];
rx = [rx 0.786991];
ry = [ry 1.67368];
rx = [rx 0.798909];
ry = [ry 1.66971];
rx = [rx 0.730792];
ry = [ry 1.80185];
rx = [rx 0.80993];
ry = [ry 1.68449];
rx = [rx 0.770162];
ry = [ry 1.76242];
rx = [rx 0.841831];
ry = [ry 1.66696];
rx = [rx 0.78512];
ry = [ry 1.76511];
rx = [rx 0.776982];
ry = [ry 1.78856];
rx = [rx 0.814441];
ry = [ry 1.74917];
rx = [rx 0.801164];
ry = [ry 1.77881];
rx = [rx 0.803455];
ry = [ry 1.78716];
rx = [rx 0.775287];
ry = [ry 1.83208];
rx = [rx 0.775355];
ry = [ry 1.84121];
rx = [rx 0.873516];
ry = [ry 1.73939];
rx = [rx 0.77792];
ry = [ry 1.85577];
rx = [rx 0.781929];
ry = [ry 1.85983];
rx = [rx 0.791263];
ry = [ry 1.85849];
rx = [rx 0.860174];
ry = [ry 1.79911];
rx = [rx 0.834121];
ry = [ry 1.83399];
rx = [rx 0.744196];
ry = [ry 1.92521];
rx = [rx 0.797655];
ry = [ry 1.88395];
rx = [rx 0.823172];
ry = [ry 1.86958];
rx = [rx 0.815331];
ry = [ry 1.88394];
rx = [rx 0.86178];
ry = [ry 1.85455];
rx = [rx 0.816733];
ry = [ry 1.89758];
rx = [rx 0.762014];
ry = [ry 1.94506];
rx = [rx 0.833661];
ry = [ry 1.89957];
rx = [rx 0.833419];
ry = [ry 1.90692];
rx = [rx 0.755802];
ry = [ry 1.96517];
rx = [rx 0.728174];
ry = [ry 1.98766];
rx = [rx 0.839488];
ry = [ry 1.92379];
rx = [rx 0.745278];
ry = [ry 1.98583];
rx = [rx 0.783735];
ry = [ry 1.96852];
rx = [rx 0.707151];
ry = [ry 2.01515];
rx = [rx 0.798345];
ry = [ry 1.97119];
rx = [rx 0.834091];
ry = [ry 1.95874];
rx = [rx 0.737213];
ry = [ry 2.01078];
rx = [rx 0.788575];
ry = [ry 1.99128];
rx = [rx 0.769067];
ry = [ry 2.00458];
rx = [rx 0.775641];
ry = [ry 2.00624];
rx = [rx 0.848539];
ry = [ry 1.98207];
rx = [rx 0.699112];
ry = [ry 2.04356];
rx = [rx 0.666963];
ry = [ry 2.05771];
rx = [rx 0.770629];
ry = [ry 2.02533];
rx = [rx 0.777854];
ry = [ry 2.02719];
rx = [rx 0.809552];
ry = [ry 2.02206];
rx = [rx 0.657062];
ry = [ry 2.06891];
rx = [rx 0.740892];
ry = [ry 2.04922];
rx = [rx 0.777307];
ry = [ry 2.04394];
rx = [rx 0.726206];
ry = [ry 2.05926];
rx = [rx 0.725512];
ry = [ry 2.06249];
rx = [rx 0.713869];
ry = [ry 2.06769];
rx = [rx 0.755206];
ry = [ry 2.06365];
rx = [rx 0.647419];
ry = [ry 2.08317];
rx = [rx 0.714942];
ry = [ry 2.07599];
rx = [rx 0.772097];
ry = [ry 2.07235];
rx = [rx 0.730012];
ry = [ry 2.08015];
rx = [rx 0.781497];
ry = [ry 2.07921];
rx = [rx 0.697907];
ry = [ry 2.08816];
rx = [rx 0.663138];
ry = [ry 2.09211];
rx = [rx 0.660885];
ry = [ry 2.09402];
rx = [rx 0.680546];
ry = [ry 2.0957];
rx = [rx 0.695648];
ry = [ry 2.09801];
rx = [rx 0.664906];
ry = [ry 2.09959];
rx = [rx 0.704792];
ry = [ry 2.10328];
rx = [rx 0.727009];
ry = [ry 2.10726];
rx = [rx 0.653582];
ry = [ry 2.10437];
rx = [rx 0.75855];
ry = [ry 2.11632];
rx = [rx 0.736514];
ry = [ry 2.11735];
rx = [rx 0.684071];
ry = [ry 2.11356];
rx = [rx 0.72108];
ry = [ry 2.12141];
rx = [rx 0.700083];
ry = [ry 2.12081];
rx = [rx 0.68998];
ry = [ry 2.12151];
rx = [rx 0.669734];
ry = [ry 2.11978];
rx = [rx 0.686811];
ry = [ry 2.12565];
rx = [rx 0.740037];
ry = [ry 2.1409];
rx = [rx 0.696964];
ry = [ry 2.1331];
rx = [rx 0.743074];
ry = [ry 2.14858];
rx = [rx 0.734522];
ry = [ry 2.14956];
rx = [rx 0.719807];
ry = [ry 2.14829];
rx = [rx 0.785433];
ry = [ry 2.1735];
rx = [rx 0.760531];
ry = [ry 2.16911];
rx = [rx 0.683282];
ry = [ry 2.14415];
rx = [rx 0.650376];
ry = [ry 2.13368];
rx = [rx 0.673635];
ry = [ry 2.14525];
rx = [rx 0.735016];
ry = [ry 2.17445];
rx = [rx 0.70511];
ry = [ry 2.16451];
rx = [rx 0.675969];
ry = [ry 2.15372];
rx = [rx 0.671256];
ry = [ry 2.15394];
rx = [rx 0.722975];
ry = [ry 2.18348];
rx = [rx 0.626158];
ry = [ry 2.13448];
rx = [rx 0.730661];
ry = [ry 2.19537];
rx = [rx 0.66299];
ry = [ry 2.15944];
rx = [rx 0.730868];
ry = [ry 2.20369];
rx = [rx 0.715415];
ry = [ry 2.19805];
rx = [rx 0.647691];
ry = [ry 2.15705];
rx = [rx 0.705555];
ry = [ry 2.19924];
rx = [rx 0.687031];
ry = [ry 2.18987];
rx = [rx 0.628417];
ry = [ry 2.14987];
rx = [rx 0.701855];
ry = [ry 2.20834];
rx = [rx 0.69];
ry = [ry 2.20297];
rx = [rx 0.70436];
ry = [ry 2.2187];
rx = [rx 0.656423];
ry = [ry 2.18206];
rx = [rx 0.696876];
ry = [ry 2.221];
rx = [rx 0.666022];
ry = [ry 2.1971];
rx = [rx 0.724037];
ry = [ry 2.25588];
rx = [rx 0.718474];
ry = [ry 2.25605];
rx = [rx 0.689428];
ry = [ry 2.23209];
rx = [rx 0.628967];
ry = [ry 2.17302];
rx = [rx 0.658846];
ry = [ry 2.20844];
rx = [rx 0.657557];
ry = [ry 2.21097];
rx = [rx 0.642745];
ry = [ry 2.19769];
rx = [rx 0.68036];
