rx = [];
ry = [];
rx = [rx -0.419132];
ry = [ry 1.70718];
rx = [rx -0.498112];
ry = [ry 1.65716];
rx = [rx -0.462282];
ry = [ry 1.65063];
rx = [rx -0.410567];
ry = [ry 1.65209];
rx = [rx -0.454136];
ry = [ry 1.61248];
rx = [rx -0.420399];
ry = [ry 1.60716];
rx = [rx -0.371171];
ry = [ry 1.61058];
rx = [rx -0.423384];
ry = [ry 1.56356];
rx = [rx -0.457702];
ry = [ry 1.52346];
rx = [rx -0.402034];
ry = [ry 1.53177];
rx = [rx -0.380275];
ry = [ry 1.52244];
rx = [rx -0.429706];
ry = [ry 1.4705];
rx = [rx -0.365677];
ry = [ry 1.48727];
rx = [rx -0.455443];
ry = [ry 1.40588];
rx = [rx -0.452097];
ry = [ry 1.3828];
rx = [rx -0.422517];
ry = [ry 1.37782];
rx = [rx -0.422534];
ry = [ry 1.35207];
rx = [rx -0.373934];
ry = [ry 1.36261];
rx = [rx -0.289488];
ry = [ry 1.4034];
rx = [rx -0.370507];
ry = [ry 1.31318];
rx = [rx -0.326444];
ry = [ry 1.32332];
rx = [rx -0.305491];
ry = [ry 1.31508];
rx = [rx -0.347368];
ry = [ry 1.25027];
rx = [rx -0.30801];
ry = [ry 1.25827];
rx = [rx -0.319941];
ry = [ry 1.218];
rx = [rx -0.212918];
ry = [ry 1.29586];
rx = [rx -0.290784];
ry = [ry 1.18725];
rx = [rx -0.273519];
ry = [ry 1.17471];
rx = [rx -0.216267];
ry = [ry 1.20709];
rx = [rx -0.204081];
ry = [ry 1.19051];
rx = [rx -0.079309];
ry = [ry 1.30901];
rx = [rx -0.168397];
ry = [ry 1.17067];
rx = [rx -0.112662];
ry = [ry 1.20997];
rx = [rx -0.0493008];
ry = [ry 1.26328];
rx = [rx -0.0573945];
ry = [ry 1.22219];
rx = [rx 0.018772];
ry = [ry 1.30018];
rx = [rx -0.00726222];
ry = [ry 1.23203];
rx = [rx 0.0178025];
ry = [ry 1.2387];
rx = [rx 0.0245516];
ry = [ry 1.21706];
rx = [rx 0.0698086];
ry = [ry 1.2591];
rx = [rx 0.0780408];
ry = [ry 1.24056];
rx = [rx 0.0786062];
ry = [ry 1.20718];
rx = [rx 0.137948];
ry = [ry 1.28329];
rx = [rx 0.134447];
ry = [ry 1.24215];
rx = [rx 0.17394];
ry = [ry 1.28702];
rx = [rx 0.158812];
ry = [ry 1.21826];
rx = [rx 0.169698];
ry = [ry 1.20265];
rx = [rx 0.193554];
ry = [ry 1.21704];
rx = [rx 0.217688];
ry = [ry 1.23426];
rx = [rx 0.223019];
ry = [ry 1.20433];
rx = [rx 0.242546];
ry = [ry 1.21122];
rx = [rx 0.25485];
ry = [ry 1.19827];
rx = [rx 0.284078];
ry = [ry 1.2372];
rx = [rx 0.298299];
ry = [ry 1.23187];
rx = [rx 0.336668];
ry = [ry 1.31197];
rx = [rx 0.313333];
ry = [ry 1.16987];
rx = [rx 0.350314];
ry = [ry 1.25303];
rx = [rx 0.36906];
ry = [ry 1.26983];
rx = [rx 0.391405];
ry = [ry 1.30742];
rx = [rx 0.410292];
ry = [ry 1.33455];
rx = [rx 0.42397];
ry = [ry 1.33762];
rx = [rx 0.428208];
ry = [ry 1.28064];
rx = [rx 0.448662];
ry = [ry 1.32828];
rx = [rx 0.451373];
ry = [ry 1.24105];
rx = [rx 0.468833];
ry = [ry 1.27001];
rx = [rx 0.483743];
ry = [ry 1.2812];
rx = [rx 0.503939];
ry = [ry 1.37941];
rx = [rx 0.513315];
ry = [ry 1.32522];
rx = [rx 0.530769];
ry = [ry 1.47281];
rx = [rx 0.539254];
ry = [ry 1.33417];
rx = [rx 0.551892];
ry = [ry 1.35851];
rx = [rx 0.565472];
ry = [ry 1.30018];
rx = [rx 0.573781];
ry = [ry 1.42899];
rx = [rx 0.588255];
ry = [ry 1.36955];
rx = [rx 0.597607];
ry = [ry 1.40763];
rx = [rx 0.612816];
ry = [ry 1.36759];
rx = [rx 0.617664];
ry = [ry 1.43556];
rx = [rx 0.620272];
ry = [ry 1.5026];
rx = [rx 0.651578];
ry = [ry 1.35534];
rx = [rx 0.637649];
ry = [ry 1.51881];
rx = [rx 0.643096];
ry = [ry 1.5429];
rx = [rx 0.661785];
ry = [ry 1.49628];
rx = [rx 0.677052];
ry = [ry 1.47356];
rx = [rx 0.687289];
ry = [ry 1.4761];
rx = [rx 0.68361];
ry = [ry 1.53346];
rx = [rx 0.70003];
ry = [ry 1.50953];
rx = [rx 0.694767];
ry = [ry 1.56347];
rx = [rx 0.730511];
ry = [ry 1.47899];
rx = [rx 0.72029];
ry = [ry 1.54417];
rx = [rx 0.738479];
ry = [ry 1.52105];
rx = [rx 0.743019];
ry = [ry 1.53775];
rx = [rx 0.730556];
ry = [ry 1.59685];
rx = [rx 0.731219];
ry = [ry 1.61834];
rx = [rx 0.742626];
ry = [ry 1.61308];
rx = [rx 0.689504];
ry = [ry 1.75193];
rx = [rx 0.755211];
ry = [ry 1.62656];
rx = [rx 0.724283];
ry = [ry 1.7084];
rx = [rx 0.784983];
ry = [ry 1.60561];
rx = [rx 0.739446];
ry = [ry 1.70942];
rx = [rx 0.733946];
ry = [ry 1.73363];
rx = [rx 0.76683];
ry = [ry 1.69034];
rx = [rx 0.756904];
ry = [ry 1.72126];
rx = [rx 0.760102];
ry = [ry 1.72931];
rx = [rx 0.737063];
ry = [ry 1.77707];
rx = [rx 0.738138];
ry = [ry 1.78614];
rx = [rx 0.824465];
ry = [ry 1.67411];
rx = [rx 0.742293];
ry = [ry 1.80032];
rx = [rx 0.746726];
ry = [ry 1.80392];
rx = [rx 0.755854];
ry = [ry 1.80155];
rx = [rx 0.817794];
ry = [ry 1.73493];
rx = [rx 0.795747];
ry = [ry 1.77247];
rx = [rx 0.716436];
ry = [ry 1.87305];
rx = [rx 0.765017];
ry = [ry 1.82615];
rx = [rx 0.788793];
ry = [ry 1.80905];
rx = [rx 0.782584];
ry = [ry 1.82419];
rx = [rx 0.825506];
ry = [ry 1.78985];
rx = [rx 0.785482];
ry = [ry 1.83759];
rx = [rx 0.736336];
ry = [ry 1.89083];
rx = [rx 0.802526];
ry = [ry 1.8377];
rx = [rx 0.803098];
ry = [ry 1.84504];
rx = [rx 0.73238];
ry = [ry 1.91149];
rx = [rx 0.707402];
ry = [ry 1.93689];
rx = [rx 0.81099];
ry = [ry 1.86114];
rx = [rx 0.724201];
ry = [ry 1.93319];
rx = [rx 0.760514];
ry = [ry 1.91175];
rx = [rx 0.689541];
ry = [ry 1.96654];
rx = [rx 0.775329];
ry = [ry 1.91279];
rx = [rx 0.809482];
ry = [ry 1.89646];
rx = [rx 0.718937];
ry = [ry 1.95888];
rx = [rx 0.767835];
ry = [ry 1.93383];
rx = [rx 0.749913];
ry = [ry 1.9492];
rx = [rx 0.75663];
ry = [ry 1.95012];
rx = [rx 0.826417];
ry = [ry 1.91806];
rx = [rx 0.684686];
ry = [ry 1.99566];
rx = [rx 0.654294];
ry = [ry 2.01328];
rx = [rx 0.753754];
ry = [ry 1.96965];
rx = [rx 0.76114];
ry = [ry 1.9707];
rx = [rx 0.792079];
ry = [ry 1.96211];
rx = [rx 0.645689];
ry = [ry 2.0255];
rx = [rx 0.726835];
ry = [ry 1.99668];
rx = [rx 0.762446];
ry = [ry 1.98741];
rx = [rx 0.713346];
ry = [ry 2.00827];
rx = [rx 0.713013];
ry = [ry 2.01156];
rx = [rx 0.702015];
ry = [ry 2.01801];
rx = [rx 0.742654];
ry = [ry 2.00944];
rx = [rx 0.637679];
ry = [ry 2.04073];
rx = [rx 0.703997];
ry = [ry 2.02614];
rx = [rx 0.760402];
ry = [ry 2.01622];
rx = [rx 0.719434];
ry = [ry 2.02862];
rx = [rx 0.770501];
ry = [ry 2.02201];
rx = [rx 0.688408];
ry = [ry 2.04012];
rx = [rx 0.654287];
ry = [ry 2.04788];
rx = [rx 0.65226];
ry = [ry 2.05003];
rx = [rx 0.671986];
ry = [ry 2.04953];
rx = [rx 0.68725];
ry = [ry 2.05016];
rx = [rx 0.65687];
ry = [ry 2.05513];
rx = [rx 0.69692];
ry = [ry 2.05439];
rx = [rx 0.71944];
ry = [ry 2.05589];
rx = [rx 0.646143];
ry = [ry 2.06113];
rx = [rx 0.751789];
ry = [ry 2.06142];
rx = [rx 0.73];
ry = [ry 2.06487];
rx = [rx 0.677459];
ry = [ry 2.06689];
rx = [rx 0.715108];
ry = [ry 2.07061];
rx = [rx 0.694174];
ry = [ry 2.07233];
rx = [rx 0.684209];
ry = [ry 2.07414];
rx = [rx 0.663896];
ry = [ry 2.07465];
rx = [rx 0.681517];
ry = [ry 2.07861];
rx = [rx 0.7361];
ry = [ry 2.08789];
rx = [rx 0.692429];
ry = [ry 2.08489];
rx = [rx 0.739965];
ry = [ry 2.09519];
rx = [rx 0.731575];
ry = [ry 2.0971];
rx = [rx 0.71681];
ry = [ry 2.09747];
rx = [rx 0.784815];
ry = [ry 2.11528];
rx = [rx 0.759582];
ry = [ry 2.11367];
rx = [rx 0.68005];
ry = [ry 2.09738];
rx = [rx 0.646189];
ry = [ry 2.09061];
rx = [rx 0.670584];
ry = [ry 2.09954];
rx = [rx 0.734812];
ry = [ry 2.12179];
rx = [rx 0.703991];
ry = [ry 2.11521];
rx = [rx 0.673838];
ry = [ry 2.1077];
rx = [rx 0.669178];
ry = [ry 2.10844];
rx = [rx 0.72384];
ry = [ry 2.13209];
rx = [rx 0.622208];
ry = [ry 2.09407];
rx = [rx 0.732791];
ry = [ry 2.14306];
rx = [rx 0.661569];
ry = [ry 2.11482];
rx = [rx 0.733915];
ry = [ry 2.15131];
rx = [rx 0.717934];
ry = [ry 2.14741];
rx = [rx 0.6461];
ry = [ry 2.11413];
rx = [rx 0.708266];
ry = [ry 2.14968];
rx = [rx 0.688821];
ry = [ry 2.14241];
rx = [rx 0.626151];
ry = [ry 2.10912];
rx = [rx 0.705592];
ry = [ry 2.15913];
rx = [rx 0.693217];
ry = [ry 2.1551];
rx = [rx 0.709225];
ry = [ry 2.16915];
rx = [rx 0.657538];
ry = [ry 2.13802];
rx = [rx 0.702041];
ry = [ry 2.17227];
rx = [rx 0.668738];
ry = [ry 2.15191];
rx = [rx 0.732883];
ry = [ry 2.20393];
rx = [rx 0.727374];
ry = [ry 2.20472];
rx = [rx 0.695861];
ry = [ry 2.1841];
rx = [rx 0.629252];
ry = [ry 2.13207];
rx = [rx 0.662856];
ry = [ry 2.16397];
rx = [rx 0.661855];
ry = [ry 2.16664];
rx = [rx 0.645668];
ry = [ry 2.15507];
rx = [rx 0.688504];
