rx = [];
ry = [];
rx = [rx -0.412745];
ry = [ry 1.69091];
rx = [rx -0.489928];
ry = [ry 1.63816];
rx = [rx -0.453892];
ry = [ry 1.63289];
rx = [rx -0.402259];
ry = [ry 1.63615];
rx = [rx -0.444417];
ry = [ry 1.59505];
rx = [rx -0.410514];
ry = [ry 1.59091];
rx = [rx -0.361436];
ry = [ry 1.59604];
rx = [rx -0.411974];
ry = [ry 1.54723];
rx = [rx -0.444869];
ry = [ry 1.50596];
rx = [rx -0.389525];
ry = [ry 1.51621];
rx = [rx -0.367453];
ry = [ry 1.50764];
rx = [rx -0.415038];
ry = [ry 1.45401];
rx = [rx -0.351634];
ry = [ry 1.473];
rx = [rx -0.4385];
ry = [ry 1.38852];
rx = [rx -0.434349];
ry = [ry 1.36558];
rx = [rx -0.404613];
ry = [ry 1.36164];
rx = [rx -0.40373];
ry = [ry 1.3359];
rx = [rx -0.355528];
ry = [ry 1.34813];
rx = [rx -0.27256];
ry = [ry 1.39185];
rx = [rx -0.350375];
ry = [ry 1.29885];
rx = [rx -0.306694];
ry = [ry 1.31053];
rx = [rx -0.285465];
ry = [ry 1.30302];
rx = [rx -0.325051];
ry = [ry 1.23678];
rx = [rx -0.285997];
ry = [ry 1.24616];
rx = [rx -0.296512];
ry = [ry 1.2055];
rx = [rx -0.192277];
ry = [ry 1.28705];
rx = [rx -0.266298];
ry = [ry 1.17578];
rx = [rx -0.248606];
ry = [ry 1.16386];
rx = [rx -0.192521];
ry = [ry 1.19822];
rx = [rx -0.179763];
ry = [ry 1.18208];
rx = [rx -0.0592093];
ry = [ry 1.30486];
rx = [rx -0.143406];
ry = [ry 1.16349];
rx = [rx -0.0890797];
ry = [ry 1.20471];
rx = [rx -0.0276207];
ry = [ry 1.26021];
rx = [rx -0.034273];
ry = [ry 1.21886];
rx = [rx 0.0391204];
ry = [ry 1.29947];
rx = [rx 0.0154847];
ry = [ry 1.23045];
rx = [rx 0.0403008];
ry = [ry 1.23799];
rx = [rx 0.0478024];
ry = [ry 1.2166];
rx = [rx 0.0915619];
ry = [ry 1.2602];
rx = [rx 0.100437];
ry = [ry 1.24196];
rx = [rx 0.102169];
ry = [ry 1.20862];
rx = [rx 0.158814];
ry = [ry 1.28676];
rx = [rx 0.156753];
ry = [ry 1.24551];
rx = [rx 0.194654];
ry = [ry 1.29174];
rx = [rx 0.181938];
ry = [ry 1.2225];
rx = [rx 0.193364];
ry = [ry 1.20727];
rx = [rx 0.216701];
ry = [ry 1.22249];
rx = [rx 0.24022];
ry = [ry 1.24054];
rx = [rx 0.246593];
ry = [ry 1.21082];
rx = [rx 0.265867];
ry = [ry 1.21839];
rx = [rx 0.278617];
ry = [ry 1.20587];
rx = [rx 0.306466];
ry = [ry 1.2458];
rx = [rx 0.320865];
ry = [ry 1.24097];
rx = [rx 0.35641];
ry = [ry 1.32237];
rx = [rx 0.338057];
ry = [ry 1.17954];
rx = [rx 0.372108];
ry = [ry 1.26394];
rx = [rx 0.390256];
ry = [ry 1.28138];
rx = [rx 0.411272];
ry = [ry 1.31973];
rx = [rx 0.4292];
ry = [ry 1.3475];
rx = [rx 0.442762];
ry = [ry 1.35105];
rx = [rx 0.448989];
ry = [ry 1.29426];
rx = [rx 0.467766];
ry = [ry 1.34258];
rx = [rx 0.473524];
ry = [ry 1.25549];
rx = [rx 0.489961];
ry = [ry 1.28505];
rx = [rx 0.504471];
ry = [ry 1.29675];
rx = [rx 0.521221];
ry = [ry 1.39561];
rx = [rx 0.532486];
ry = [ry 1.34178];
rx = [rx 0.544769];
ry = [ry 1.48989];
rx = [rx 0.558095];
ry = [ry 1.35163];
rx = [rx 0.569875];
ry = [ry 1.3764];
rx = [rx 0.585486];
ry = [ry 1.31858];
rx = [rx 0.589287];
ry = [ry 1.4476];
rx = [rx 0.60583];
ry = [ry 1.38871];
rx = [rx 0.613845];
ry = [ry 1.42709];
rx = [rx 0.630444];
ry = [ry 1.38761];
rx = [rx 0.632913];
ry = [ry 1.45571];
rx = [rx 0.633176];
ry = [ry 1.5228];
rx = [rx 0.669611];
ry = [ry 1.37671];
rx = [rx 0.649976];
ry = [ry 1.5396];
rx = [rx 0.654577];
ry = [ry 1.56386];
rx = [rx 0.674884];
ry = [ry 1.51793];
rx = [rx 0.690937];
ry = [ry 1.49575];
rx = [rx 0.701079];
ry = [ry 1.49865];
rx = [rx 0.695396];
ry = [ry 1.55584];
rx = [rx 0.712643];
ry = [ry 1.53251];
rx = [rx 0.705497];
ry = [ry 1.58623];
rx = [rx 0.744173];
ry = [ry 1.50305];
rx = [rx 0.731679];
ry = [ry 1.56783];
rx = [rx 0.750665];
ry = [ry 1.54536];
rx = [rx 0.754619];
ry = [ry 1.56221];
rx = [rx 0.740097];
ry = [ry 1.62084];
rx = [rx 0.740009];
ry = [ry 1.64234];
rx = [rx 0.751593];
ry = [ry 1.63748];
rx = [rx 0.693649];
ry = [ry 1.77439];
rx = [rx 0.763699];
ry = [ry 1.65139];
rx = [rx 0.729929];
ry = [ry 1.7321];
rx = [rx 0.794185];
ry = [ry 1.6315];
rx = [rx 0.745047];
ry = [ry 1.73365];
rx = [rx 0.738704];
ry = [ry 1.75765];
rx = [rx 0.77308];
ry = [ry 1.71554];
rx = [rx 0.76208];
ry = [ry 1.7461];
rx = [rx 0.764995];
ry = [ry 1.75426];
rx = [rx 0.7403];
ry = [ry 1.80118];
rx = [rx 0.741057];
ry = [ry 1.81028];
rx = [rx 0.831249];
ry = [ry 1.70133];
rx = [rx 0.744714];
ry = [ry 1.82459];
rx = [rx 0.749019];
ry = [ry 1.82835];
rx = [rx 0.758224];
ry = [ry 1.8263];
rx = [rx 0.822455];
ry = [ry 1.76189];
rx = [rx 0.799109];
ry = [ry 1.79863];
rx = [rx 0.71633];
ry = [ry 1.89638];
rx = [rx 0.766521];
ry = [ry 1.8512];
rx = [rx 0.79088];
ry = [ry 1.83495];
rx = [rx 0.784146];
ry = [ry 1.84986];
rx = [rx 0.828242];
ry = [ry 1.81705];
rx = [rx 0.786573];
ry = [ry 1.86336];
rx = [rx 0.735597];
ry = [ry 1.91484];
rx = [rx 0.803603];
ry = [ry 1.86406];
rx = [rx 0.803918];
ry = [ry 1.87142];
rx = [rx 0.73092];
ry = [ry 1.93536];
rx = [rx 0.705069];
ry = [ry 1.95986];
rx = [rx 0.811243];
ry = [ry 1.88778];
rx = [rx 0.721987];
ry = [ry 1.95676];
rx = [rx 0.759028];
ry = [ry 1.93659];
rx = [rx 0.686183];
ry = [ry 1.98887];
rx = [rx 0.773798];
ry = [ry 1.93815];
rx = [rx 0.8085];
ry = [ry 1.92303];
rx = [rx 0.715829];
ry = [ry 1.98224];
rx = [rx 0.765573];
ry = [ry 1.95892];
rx = [rx 0.747124];
ry = [ry 1.97365];
rx = [rx 0.753805];
ry = [ry 1.97481];
rx = [rx 0.82467];
ry = [ry 1.94521];
rx = [rx 0.680313];
ry = [ry 2.01781];
rx = [rx 0.649324];
ry = [ry 2.03435];
rx = [rx 0.750248];
ry = [ry 1.99422];
rx = [rx 0.757593];
ry = [ry 1.99553];
rx = [rx 0.788813];
ry = [ry 1.98802];
rx = [rx 0.640297];
ry = [ry 2.04626];
rx = [rx 0.722401];
ry = [ry 2.0203];
rx = [rx 0.758313];
ry = [ry 2.01228];
rx = [rx 0.708515];
ry = [ry 2.03141];
rx = [rx 0.708067];
ry = [ry 2.03469];
rx = [rx 0.696849];
ry = [ry 2.04075];
rx = [rx 0.737764];
ry = [ry 2.03361];
rx = [rx 0.631759];
ry = [ry 2.06121];
rx = [rx 0.698546];
ry = [ry 2.04894];
rx = [rx 0.755263];
ry = [ry 2.041];
rx = [rx 0.713887];
ry = [ry 2.05196];
rx = [rx 0.765155];
ry = [ry 2.04714];
rx = [rx 0.682479];
ry = [ry 2.06237];
rx = [rx 0.648107];
ry = [ry 2.06893];
rx = [rx 0.646006];
ry = [ry 2.07101];
rx = [rx 0.665737];
ry = [ry 2.07119];
rx = [rx 0.680971];
ry = [ry 2.07236];
rx = [rx 0.650435];
ry = [ry 2.07626];
rx = [rx 0.690486];
ry = [ry 2.07692];
rx = [rx 0.71294];
ry = [ry 2.07921];
rx = [rx 0.639505];
ry = [ry 2.08188];
rx = [rx 0.745076];
ry = [ry 2.08587];
rx = [rx 0.72318];
ry = [ry 2.08856];
rx = [rx 0.670601];
ry = [ry 2.08874];
rx = [rx 0.708096];
ry = [ry 2.09377];
rx = [rx 0.687114];
ry = [ry 2.09476];
rx = [rx 0.677093];
ry = [ry 2.09622];
rx = [rx 0.656774];
ry = [ry 2.09602];
rx = [rx 0.674246];
ry = [ry 2.10059];
rx = [rx 0.728472];
ry = [ry 2.11177];
rx = [rx 0.684932];
ry = [ry 2.10725];
rx = [rx 0.732079];
ry = [ry 2.1192];
rx = [rx 0.723626];
ry = [ry 2.12082];
rx = [rx 0.708858];
ry = [ry 2.12068];
rx = [rx 0.776199];
ry = [ry 2.14085];
rx = [rx 0.751037];
ry = [ry 2.13836];
rx = [rx 0.672124];
ry = [ry 2.1193];
rx = [rx 0.638521];
ry = [ry 2.11135];
rx = [rx 0.662588];
ry = [ry 2.12113];
rx = [rx 0.725999];
ry = [ry 2.14561];
rx = [rx 0.695427];
ry = [ry 2.13795];
rx = [rx 0.665555];
ry = [ry 2.1294];
rx = [rx 0.660872];
ry = [ry 2.12998];
rx = [rx 0.714673];
ry = [ry 2.15552];
rx = [rx 0.614432];
ry = [ry 2.11397];
rx = [rx 0.723236];
ry = [ry 2.1668];
rx = [rx 0.653044];
ry = [ry 2.13608];
rx = [rx 0.72407];
ry = [ry 2.17508];
rx = [rx 0.708235];
ry = [ry 2.17062];
rx = [rx 0.637609];
ry = [ry 2.13485];
rx = [rx 0.698494];
ry = [ry 2.17256];
rx = [rx 0.679315];
ry = [ry 2.16461];
rx = [rx 0.617847];
ry = [ry 2.12915];
rx = [rx 0.695491];
ry = [ry 2.1819];
rx = [rx 0.683265];
ry = [ry 2.17745];
rx = [rx 0.698771];
ry = [ry 2.19205];
rx = [rx 0.648204];
ry = [ry 2.15913];
rx = [rx 0.691483];
ry = [ry 2.19491];
rx = [rx 0.658912];
ry = [ry 2.17341];
rx = [rx 0.7212];
ry = [ry 2.22763];
rx = [rx 0.715666];
ry = [ry 2.22823];
rx = [rx 0.684893];
ry = [ry 2.20652];
rx = [rx 0.620144];
ry = [ry 2.1522];
rx = [rx 0.652612];
ry = [ry 2.18525];
rx = [rx 0.651519];
ry = [ry 2.18788];
rx = [rx 0.635746];
ry = [ry 2.17575];
rx = [rx 0.676984];
