rx = [];
ry = [];
rx = [rx -0.36505];
ry = [ry 1.6342];
rx = [rx -0.437958];
ry = [ry 1.57569];
rx = [rx -0.401624];
ry = [ry 1.5732];
rx = [rx -0.350394];
ry = [ry 1.58041];
rx = [rx -0.389274];
ry = [ry 1.5362];
rx = [rx -0.355153];
ry = [ry 1.53467];
rx = [rx -0.306613];
ry = [ry 1.54355];
rx = [rx -0.353257];
ry = [ry 1.49101];
rx = [rx -0.382888];
ry = [ry 1.44733];
rx = [rx -0.328494];
ry = [ry 1.4618];
rx = [rx -0.30583];
ry = [ry 1.45495];
rx = [rx -0.34916];
ry = [ry 1.39783];
rx = [rx -0.2874];
ry = [ry 1.42163];
rx = [rx -0.367528];
ry = [ry 1.33073];
rx = [rx -0.361629];
ry = [ry 1.30817];
rx = [rx -0.331678];
ry = [ry 1.30653];
rx = [rx -0.328823];
ry = [ry 1.28094];
rx = [rx -0.281702];
ry = [ry 1.29683];
rx = [rx -0.202332];
ry = [ry 1.34678];
rx = [rx -0.272782];
ry = [ry 1.24808];
rx = [rx -0.230126];
ry = [ry 1.26308];
rx = [rx -0.208384];
ry = [ry 1.25722];
rx = [rx -0.24277];
ry = [ry 1.18815];
rx = [rx -0.204551];
ry = [ry 1.20049];
rx = [rx -0.211915];
ry = [ry 1.15914];
rx = [rx -0.114244];
ry = [ry 1.24845];
rx = [rx -0.179511];
ry = [ry 1.13183];
rx = [rx -0.160955];
ry = [ry 1.1213];
rx = [rx -0.107672];
ry = [ry 1.15986];
rx = [rx -0.093713];
ry = [ry 1.14475];
rx = [rx 0.0170641];
ry = [ry 1.27642];
rx = [rx -0.0560373];
ry = [ry 1.12901];
rx = [rx -0.00503415];
ry = [ry 1.17428];
rx = [rx 0.0519857];
ry = [ry 1.23432];
rx = [rx 0.0485256];
ry = [ry 1.19259];
rx = [rx 0.115518];
ry = [ry 1.27859];
rx = [rx 0.0972475];
ry = [ry 1.20796];
rx = [rx 0.121412];
ry = [ry 1.21738];
rx = [rx 0.130533];
ry = [ry 1.19663];
rx = [rx 0.170818];
ry = [ry 1.24346];
rx = [rx 0.181067];
ry = [ry 1.22595];
rx = [rx 0.185352];
ry = [ry 1.19284];
rx = [rx 0.235834];
ry = [ry 1.2751];
rx = [rx 0.236944];
ry = [ry 1.23382];
rx = [rx 0.271186];
ry = [ry 1.28282];
rx = [rx 0.26382];
ry = [ry 1.2128];
rx = [rx 0.276381];
ry = [ry 1.1985];
rx = [rx 0.298481];
ry = [ry 1.21547];
rx = [rx 0.320545];
ry = [ry 1.23527];
rx = [rx 0.329181];
ry = [ry 1.20612];
rx = [rx 0.347817];
ry = [ry 1.21514];
rx = [rx 0.36149];
ry = [ry 1.20364];
rx = [rx 0.386193];
ry = [ry 1.24559];
rx = [rx 0.40092];
ry = [ry 1.24188];
rx = [rx 0.430114];
ry = [ry 1.32576];
rx = [rx 0.422775];
ry = [ry 1.18195];
rx = [rx 0.45025];
ry = [ry 1.26871];
rx = [rx 0.467006];
ry = [ry 1.28749];
rx = [rx 0.485018];
ry = [ry 1.32734];
rx = [rx 0.500761];
ry = [ry 1.35641];
rx = [rx 0.514012];
ry = [ry 1.36099];
rx = [rx 0.524578];
ry = [ry 1.30484];
rx = [rx 0.539592];
ry = [ry 1.35446];
rx = [rx 0.552015];
ry = [ry 1.26808];
rx = [rx 0.566136];
ry = [ry 1.2988];
rx = [rx 0.579704];
ry = [ry 1.31159];
rx = [rx 0.58882];
ry = [ry 1.41144];
rx = [rx 0.604182];
ry = [ry 1.35863];
rx = [rx 0.605065];
ry = [ry 1.50725];
rx = [rx 0.62896];
ry = [ry 1.37042];
rx = [rx 0.638805];
ry = [ry 1.39602];
rx = [rx 0.658807];
ry = [ry 1.33956];
rx = [rx 0.652696];
ry = [ry 1.4685];
rx = [rx 0.67371];
ry = [ry 1.41105];
rx = [rx 0.678755];
ry = [ry 1.44994];
rx = [rx 0.698335];
ry = [ry 1.41184];
rx = [rx 0.695572];
ry = [ry 1.47993];
rx = [rx 0.690686];
ry = [ry 1.54684];
rx = [rx 0.738223];
ry = [ry 1.40398];
rx = [rx 0.706147];
ry = [ry 1.56488];
rx = [rx 0.708873];
ry = [ry 1.58943];
rx = [rx 0.732645];
ry = [ry 1.54518];
rx = [rx 0.750352];
ry = [ry 1.52431];
rx = [rx 0.760242];
ry = [ry 1.52797];
rx = [rx 0.750188];
ry = [ry 1.58456];
rx = [rx 0.769174];
ry = [ry 1.56262];
rx = [rx 0.757927];
ry = [ry 1.61564];
rx = [rx 0.802872];
ry = [ry 1.53567];
rx = [rx 0.785443];
ry = [ry 1.5993];
rx = [rx 0.806098];
ry = [ry 1.57835];
rx = [rx 0.808747];
ry = [ry 1.59546];
rx = [rx 0.78977];
ry = [ry 1.65279];
rx = [rx 0.788032];
ry = [ry 1.67423];
rx = [rx 0.799955];
ry = [ry 1.67027];
rx = [rx 0.731677];
ry = [ry 1.80233];
rx = [rx 0.810957];
ry = [ry 1.68507];
rx = [rx 0.771095];
ry = [ry 1.76295];
rx = [rx 0.84288];
ry = [ry 1.66757];
rx = [rx 0.786049];
ry = [ry 1.76565];
rx = [rx 0.777883];
ry = [ry 1.7891];
rx = [rx 0.815389];
ry = [ry 1.74975];
rx = [rx 0.802077];
ry = [ry 1.77937];
rx = [rx 0.804357];
ry = [ry 1.78773];
rx = [rx 0.776135];
ry = [ry 1.83262];
rx = [rx 0.776192];
ry = [ry 1.84175];
rx = [rx 0.874476];
ry = [ry 1.74005];
rx = [rx 0.778739];
ry = [ry 1.85631];
rx = [rx 0.782743];
ry = [ry 1.86038];
rx = [rx 0.792078];
ry = [ry 1.85904];
rx = [rx 0.861062];
ry = [ry 1.79975];
rx = [rx 0.834966];
ry = [ry 1.83459];
rx = [rx 0.744931];
ry = [ry 1.92571];
rx = [rx 0.79844];
ry = [ry 1.88451];
rx = [rx 0.823975];
ry = [ry 1.87017];
rx = [rx 0.816116];
ry = [ry 1.88452];
rx = [rx 0.8626];
ry = [ry 1.85519];
rx = [rx 0.817501];
ry = [ry 1.89817];
rx = [rx 0.762724];
ry = [ry 1.94559];
rx = [rx 0.834426];
ry = [ry 1.90017];
rx = [rx 0.834176];
ry = [ry 1.90753];
rx = [rx 0.756488];
ry = [ry 1.96568];
rx = [rx 0.728832];
ry = [ry 1.98813];
rx = [rx 0.840224];
ry = [ry 1.92441];
rx = [rx 0.745939];
ry = [ry 1.98633];
rx = [rx 0.784417];
ry = [ry 1.96907];
rx = [rx 0.707776];
ry = [ry 2.01561];
rx = [rx 0.799024];
ry = [ry 1.97176];
rx = [rx 0.834785];
ry = [ry 1.95934];
rx = [rx 0.737844];
ry = [ry 2.01127];
rx = [rx 0.789229];
ry = [ry 1.99184];
rx = [rx 0.769705];
ry = [ry 2.00511];
rx = [rx 0.776277];
ry = [ry 2.00678];
rx = [rx 0.849205];
ry = [ry 1.9827];
rx = [rx 0.699703];
ry = [ry 2.04401];
rx = [rx 0.667536];
ry = [ry 2.05812];
rx = [rx 0.771241];
ry = [ry 2.02586];
rx = [rx 0.778465];
ry = [ry 2.02773];
rx = [rx 0.810169];
ry = [ry 2.02264];
rx = [rx 0.657622];
ry = [ry 2.0693];
rx = [rx 0.741475];
ry = [ry 2.04972];
rx = [rx 0.777897];
ry = [ry 2.04448];
rx = [rx 0.726778];
ry = [ry 2.05974];
rx = [rx 0.72608];
ry = [ry 2.06297];
rx = [rx 0.71443];
ry = [ry 2.06815];
rx = [rx 0.755773];
ry = [ry 2.06417];
rx = [rx 0.647962];
ry = [ry 2.08355];
rx = [rx 0.715494];
ry = [ry 2.07645];
rx = [rx 0.772653];
ry = [ry 2.07289];
rx = [rx 0.730558];
ry = [ry 2.08063];
rx = [rx 0.782044];
ry = [ry 2.07976];
rx = [rx 0.698443];
ry = [ry 2.0886];
rx = [rx 0.66367];
ry = [ry 2.09251];
rx = [rx 0.661414];
ry = [ry 2.09442];
rx = [rx 0.681074];
ry = [ry 2.09612];
rx = [rx 0.696173];
ry = [ry 2.09845];
rx = [rx 0.665428];
ry = [ry 2.1];
rx = [rx 0.70531];
ry = [ry 2.10373];
rx = [rx 0.727522];
ry = [ry 2.10774];
rx = [rx 0.654099];
ry = [ry 2.10476];
rx = [rx 0.759052];
ry = [ry 2.11684];
rx = [rx 0.737015];
ry = [ry 2.11784];
rx = [rx 0.684576];
ry = [ry 2.11399];
rx = [rx 0.721576];
ry = [ry 2.12188];
rx = [rx 0.70058];
ry = [ry 2.12126];
rx = [rx 0.690476];
ry = [ry 2.12194];
rx = [rx 0.670232];
ry = [ry 2.12019];
rx = [rx 0.687302];
ry = [ry 2.12608];
rx = [rx 0.74051];
ry = [ry 2.14139];
rx = [rx 0.697445];
ry = [ry 2.13354];
rx = [rx 0.743537];
ry = [ry 2.14908];
rx = [rx 0.734984];
ry = [ry 2.15004];
rx = [rx 0.720271];
ry = [ry 2.14876];
rx = [rx 0.785865];
ry = [ry 2.17405];
rx = [rx 0.760969];
ry = [ry 2.16963];
rx = [rx 0.68375];
ry = [ry 2.14458];
rx = [rx 0.650857];
ry = [ry 2.13406];
rx = [rx 0.674102];
ry = [ry 2.14567];
rx = [rx 0.735448];
ry = [ry 2.17494];
rx = [rx 0.705553];
ry = [ry 2.16496];
rx = [rx 0.676426];
ry = [ry 2.15414];
rx = [rx 0.671712];
ry = [ry 2.15436];
rx = [rx 0.723396];
ry = [ry 2.18395];
rx = [rx 0.626638];
ry = [ry 2.13483];
rx = [rx 0.731068];
ry = [ry 2.19585];
rx = [rx 0.66344];
ry = [ry 2.15984];
rx = [rx 0.731264];
ry = [ry 2.20417];
rx = [rx 0.715818];
ry = [ry 2.19852];
rx = [rx 0.648144];
ry = [ry 2.15743];
rx = [rx 0.705957];
ry = [ry 2.19969];
rx = [rx 0.687444];
ry = [ry 2.1903];
rx = [rx 0.628878];
ry = [ry 2.15023];
rx = [rx 0.702245];
ry = [ry 2.20878];
rx = [rx 0.690397];
ry = [ry 2.20341];
rx = [rx 0.704738];
ry = [ry 2.21915];
rx = [rx 0.656846];
ry = [ry 2.18245];
rx = [rx 0.697251];
ry = [ry 2.22145];
rx = [rx 0.666426];
ry = [ry 2.1975];
rx = [rx 0.72437];
ry = [ry 2.25635];
rx = [rx 0.718806];
ry = [ry 2.25652];
rx = [rx 0.689789];
ry = [ry 2.23252];
rx = [rx 0.6294];
ry = [ry 2.17338];
rx = [rx 0.659236];
ry = [ry 2.20883];
rx = [rx 0.657944];
ry = [ry 2.21137];
rx = [rx 0.643149];
ry = [ry 2.19806];
rx = [rx 0.680704];
