rx = [];
ry = [];
rx = [rx -0.426092];
ry = [ry 1.71844];
rx = [rx -0.505859];
ry = [ry 1.66969];
rx = [rx -0.470138];
ry = [ry 1.66259];
rx = [rx -0.418406];
ry = [ry 1.66322];
rx = [rx -0.462601];
ry = [ry 1.62432];
rx = [rx -0.428952];
ry = [ry 1.61846];
rx = [rx -0.379676];
ry = [ry 1.62109];
rx = [rx -0.432632];
ry = [ry 1.57491];
rx = [rx -0.467585];
ry = [ry 1.53536];
rx = [rx -0.411791];
ry = [ry 1.54278];
rx = [rx -0.390183];
ry = [ry 1.53311];
rx = [rx -0.440437];
ry = [ry 1.48196];
rx = [rx -0.376148];
ry = [ry 1.49771];
rx = [rx -0.4672];
ry = [ry 1.41775];
rx = [rx -0.464222];
ry = [ry 1.39463];
rx = [rx -0.434725];
ry = [ry 1.38918];
rx = [rx -0.435153];
ry = [ry 1.36344];
rx = [rx -0.386391];
ry = [ry 1.3732];
rx = [rx -0.301306];
ry = [ry 1.41263];
rx = [rx -0.383752];
ry = [ry 1.32371];
rx = [rx -0.339533];
ry = [ry 1.33316];
rx = [rx -0.318714];
ry = [ry 1.32458];
rx = [rx -0.361618];
ry = [ry 1.26044];
rx = [rx -0.322138];
ry = [ry 1.26782];
rx = [rx -0.334709];
ry = [ry 1.22774];
rx = [rx -0.226458];
ry = [ry 1.30389];
rx = [rx -0.306046];
ry = [ry 1.19653];
rx = [rx -0.288983];
ry = [ry 1.18372];
rx = [rx -0.231222];
ry = [ry 1.21518];
rx = [rx -0.219302];
ry = [ry 1.19841];
rx = [rx -0.0926572];
ry = [ry 1.3149];
rx = [rx -0.183938];
ry = [ry 1.178];
rx = [rx -0.127585];
ry = [ry 1.21641];
rx = [rx -0.0633816];
ry = [ry 1.2687];
rx = [rx -0.0721291];
ry = [ry 1.22774];
rx = [rx 0.00527057];
ry = [ry 1.30451];
rx = [rx -0.0218463];
ry = [ry 1.23679];
rx = [rx 0.0033215];
ry = [ry 1.24306];
rx = [rx 0.00972492];
ry = [ry 1.22131];
rx = [rx 0.0556462];
ry = [ry 1.26263];
rx = [rx 0.0635818];
ry = [ry 1.24396];
rx = [rx 0.0636152];
ry = [ry 1.21057];
rx = [rx 0.124163];
ry = [ry 1.28573];
rx = [rx 0.120006];
ry = [ry 1.24464];
rx = [rx 0.16021];
ry = [ry 1.28888];
rx = [rx 0.143987];
ry = [ry 1.22038];
rx = [rx 0.154623];
ry = [ry 1.20459];
rx = [rx 0.178705];
ry = [ry 1.2186];
rx = [rx 0.203111];
ry = [ry 1.23544];
rx = [rx 0.207964];
ry = [ry 1.20542];
rx = [rx 0.227599];
ry = [ry 1.212];
rx = [rx 0.239695];
ry = [ry 1.19885];
rx = [rx 0.269539];
ry = [ry 1.23731];
rx = [rx 0.283674];
ry = [ry 1.23176];
rx = [rx 0.323314];
ry = [ry 1.31124];
rx = [rx 0.297717];
ry = [ry 1.16953];
rx = [rx 0.336019];
ry = [ry 1.25209];
rx = [rx 0.355031];
ry = [ry 1.26858];
rx = [rx 0.377971];
ry = [ry 1.30581];
rx = [rx 0.397289];
ry = [ry 1.33264];
rx = [rx 0.411014];
ry = [ry 1.33549];
rx = [rx 0.414343];
ry = [ry 1.27846];
rx = [rx 0.435554];
ry = [ry 1.32576];
rx = [rx 0.436874];
ry = [ry 1.23849];
rx = [rx 0.454794];
ry = [ry 1.26717];
rx = [rx 0.46988];
ry = [ry 1.27812];
rx = [rx 0.491639];
ry = [ry 1.376];
rx = [rx 0.50015];
ry = [ry 1.32167];
rx = [rx 0.519954];
ry = [ry 1.46896];
rx = [rx 0.526228];
ry = [ry 1.33021];
rx = [rx 0.539253];
ry = [ry 1.35435];
rx = [rx 0.551901];
ry = [ry 1.2958];
rx = [rx 0.562262];
ry = [ry 1.42446];
rx = [rx 0.575787];
ry = [ry 1.3648];
rx = [rx 0.585744];
ry = [ry 1.40273];
rx = [rx 0.600313];
ry = [ry 1.36245];
rx = [rx 0.606244];
ry = [ry 1.43034];
rx = [rx 0.60992];
ry = [ry 1.49733];
rx = [rx 0.638875];
ry = [ry 1.34958];
rx = [rx 0.627553];
ry = [ry 1.51325];
rx = [rx 0.633383];
ry = [ry 1.53725];
rx = [rx 0.651327];
ry = [ry 1.49034];
rx = [rx 0.66623];
ry = [ry 1.46738];
rx = [rx 0.676507];
ry = [ry 1.46975];
rx = [rx 0.673742];
ry = [ry 1.52717];
rx = [rx 0.689779];
ry = [ry 1.50298];
rx = [rx 0.685376];
ry = [ry 1.557];
rx = [rx 0.719769];
ry = [ry 1.47196];
rx = [rx 0.710587];
ry = [ry 1.53729];
rx = [rx 0.728406];
ry = [ry 1.51389];
rx = [rx 0.733212];
ry = [ry 1.53051];
rx = [rx 0.721692];
ry = [ry 1.5898];
rx = [rx 0.722697];
ry = [ry 1.61128];
rx = [rx 0.734019];
ry = [ry 1.60584];
rx = [rx 0.683116];
ry = [ry 1.74552];
rx = [rx 0.746817];
ry = [ry 1.61911];
rx = [rx 0.717198];
ry = [ry 1.70144];
rx = [rx 0.776251];
ry = [ry 1.59769];
rx = [rx 0.732375];
ry = [ry 1.70221];
rx = [rx 0.727261];
ry = [ry 1.72651];
rx = [rx 0.759451];
ry = [ry 1.68271];
rx = [rx 0.75002];
ry = [ry 1.71378];
rx = [rx 0.753345];
ry = [ry 1.72178];
rx = [rx 0.73107];
ry = [ry 1.7699];
rx = [rx 0.732289];
ry = [ry 1.77895];
rx = [rx 0.81682];
ry = [ry 1.66556];
rx = [rx 0.73667];
ry = [ry 1.79306];
rx = [rx 0.74116];
ry = [ry 1.79659];
rx = [rx 0.750249];
ry = [ry 1.79408];
rx = [rx 0.81112];
ry = [ry 1.72648];
rx = [rx 0.789673];
ry = [ry 1.76436];
rx = [rx 0.711976];
ry = [ry 1.8662];
rx = [rx 0.759802];
ry = [ry 1.81852];
rx = [rx 0.783303];
ry = [ry 1.80105];
rx = [rx 0.777336];
ry = [ry 1.81628];
rx = [rx 0.819706];
ry = [ry 1.78127];
rx = [rx 0.780447];
ry = [ry 1.82964];
rx = [rx 0.732156];
ry = [ry 1.88365];
rx = [rx 0.79749];
ry = [ry 1.82948];
rx = [rx 0.798179];
ry = [ry 1.83681];
rx = [rx 0.72853];
ry = [ry 1.90438];
rx = [rx 0.703959];
ry = [ry 1.93017];
rx = [rx 0.806328];
ry = [ry 1.85278];
rx = [rx 0.720697];
ry = [ry 1.92621];
rx = [rx 0.756664];
ry = [ry 1.90418];
rx = [rx 0.686573];
ry = [ry 1.9601];
rx = [rx 0.771494];
ry = [ry 1.90499];
rx = [rx 0.805382];
ry = [ry 1.88812];
rx = [rx 0.715844];
ry = [ry 1.95197];
rx = [rx 0.764336];
ry = [ry 1.92615];
rx = [rx 0.746661];
ry = [ry 1.9418];
rx = [rx 0.753392];
ry = [ry 1.94262];
rx = [rx 0.822659];
ry = [ry 1.90945];
rx = [rx 0.682183];
ry = [ry 1.9893];
rx = [rx 0.652076];
ry = [ry 2.00739];
rx = [rx 0.750828];
ry = [ry 1.96219];
rx = [rx 0.75823];
ry = [ry 1.96312];
rx = [rx 0.789028];
ry = [ry 1.95403];
rx = [rx 0.643667];
ry = [ry 2.01975];
rx = [rx 0.724343];
ry = [ry 1.98964];
rx = [rx 0.759801];
ry = [ry 1.97981];
rx = [rx 0.71104];
ry = [ry 2.00145];
rx = [rx 0.71076];
ry = [ry 2.00474];
rx = [rx 0.699866];
ry = [ry 2.01137];
rx = [rx 0.740364];
ry = [ry 2.00215];
rx = [rx 0.6359];
ry = [ry 2.03511];
rx = [rx 0.701977];
ry = [ry 2.01947];
rx = [rx 0.758217];
ry = [ry 2.00865];
rx = [rx 0.717452];
ry = [ry 2.0217];
rx = [rx 0.768407];
ry = [ry 2.01427];
rx = [rx 0.686613];
ry = [ry 2.03369];
rx = [rx 0.652621];
ry = [ry 2.04199];
rx = [rx 0.650627];
ry = [ry 2.04418];
rx = [rx 0.670343];
ry = [ry 2.04336];
rx = [rx 0.685616];
ry = [ry 2.04375];
rx = [rx 0.655319];
ry = [ry 2.0492];
rx = [rx 0.695351];
ry = [ry 2.04782];
rx = [rx 0.717893];
ry = [ry 2.04897];
rx = [rx 0.644688];
ry = [ry 2.05537];
rx = [rx 0.750325];
ry = [ry 2.05398];
rx = [rx 0.728594];
ry = [ry 2.05777];
rx = [rx 0.676093];
ry = [ry 2.06063];
rx = [rx 0.713796];
ry = [ry 2.06375];
rx = [rx 0.692891];
ry = [ry 2.06581];
rx = [rx 0.682957];
ry = [ry 2.06777];
rx = [rx 0.662655];
ry = [ry 2.06861];
rx = [rx 0.680336];
ry = [ry 2.07228];
rx = [rx 0.73506];
ry = [ry 2.08069];
rx = [rx 0.691347];
ry = [ry 2.07839];
rx = [rx 0.739041];
ry = [ry 2.08793];
rx = [rx 0.730682];
ry = [ry 2.08998];
rx = [rx 0.715925];
ry = [ry 2.09058];
rx = [rx 0.784206];
ry = [ry 2.1073];
rx = [rx 0.75895];
ry = [ry 2.1061];
rx = [rx 0.679169];
ry = [ry 2.09108];
rx = [rx 0.645204];
ry = [ry 2.08484];
rx = [rx 0.669738];
ry = [ry 2.09339];
rx = [rx 0.734312];
ry = [ry 2.11461];
rx = [rx 0.70339];
ry = [ry 2.10852];
rx = [rx 0.673122];
ry = [ry 2.1015];
rx = [rx 0.668475];
ry = [ry 2.10231];
rx = [rx 0.723506];
ry = [ry 2.12508];
rx = [rx 0.621281];
ry = [ry 2.08869];
rx = [rx 0.732631];
ry = [ry 2.13591];
rx = [rx 0.660968];
ry = [ry 2.10881];
rx = [rx 0.733886];
ry = [ry 2.14414];
rx = [rx 0.717845];
ry = [ry 2.1405];
rx = [rx 0.64549];
ry = [ry 2.10836];
rx = [rx 0.708215];
ry = [ry 2.14292];
rx = [rx 0.688656];
ry = [ry 2.13596];
rx = [rx 0.625463];
ry = [ry 2.10367];
rx = [rx 0.705691];
ry = [ry 2.15241];
rx = [rx 0.693254];
ry = [ry 2.14858];
rx = [rx 0.709484];
ry = [ry 2.16238];
rx = [rx 0.657307];
ry = [ry 2.13207];
rx = [rx 0.70235];
ry = [ry 2.1656];
rx = [rx 0.668727];
ry = [ry 2.14578];
rx = [rx 0.733693];
ry = [ry 2.19677];
rx = [rx 0.728197];
ry = [ry 2.19765];
rx = [rx 0.696359];
ry = [ry 2.17754];
rx = [rx 0.62893];
ry = [ry 2.12657];
rx = [rx 0.663038];
ry = [ry 2.15793];
rx = [rx 0.662079];
ry = [ry 2.16061];
rx = [rx 0.645711];
ry = [ry 2.1493];
rx = [rx 0.689257];
