rx = [];
ry = [];
rx = [rx -0.379362];
ry = [ry 1.65383];
rx = [rx -0.453716];
ry = [ry 1.59716];
rx = [rx -0.417456];
ry = [ry 1.59376];
rx = [rx -0.366061];
ry = [ry 1.59968];
rx = [rx -0.406038];
ry = [ry 1.55646];
rx = [rx -0.371967];
ry = [ry 1.55408];
rx = [rx -0.323219];
ry = [ry 1.56174];
rx = [rx -0.371166];
ry = [ry 1.51038];
rx = [rx -0.401884];
ry = [ry 1.46747];
rx = [rx -0.347144];
ry = [ry 1.48056];
rx = [rx -0.324659];
ry = [ry 1.47315];
rx = [rx -0.369409];
ry = [ry 1.41713];
rx = [rx -0.307071];
ry = [ry 1.43937];
rx = [rx -0.389455];
ry = [ry 1.35051];
rx = [rx -0.384124];
ry = [ry 1.32782];
rx = [rx -0.354224];
ry = [ry 1.32542];
rx = [rx -0.352012];
ry = [ry 1.29976];
rx = [rx -0.304507];
ry = [ry 1.31447];
rx = [rx -0.223909];
ry = [ry 1.36241];
rx = [rx -0.296813];
ry = [ry 1.26551];
rx = [rx -0.253794];
ry = [ry 1.27944];
rx = [rx -0.232206];
ry = [ry 1.27303];
rx = [rx -0.268315];
ry = [ry 1.20484];
rx = [rx -0.229798];
ry = [ry 1.21623];
rx = [rx -0.238198];
ry = [ry 1.17507];
rx = [rx -0.138316];
ry = [ry 1.26191];
rx = [rx -0.206488];
ry = [ry 1.14696];
rx = [rx -0.188203];
ry = [ry 1.13596];
rx = [rx -0.133969];
ry = [ry 1.17318];
rx = [rx -0.120394];
ry = [ry 1.15772];
rx = [rx -0.00634715];
ry = [ry 1.28657];
rx = [rx -0.0831248];
ry = [ry 1.14103];
rx = [rx -0.0310017];
ry = [ry 1.18501];
rx = [rx 0.027507];
ry = [ry 1.24361];
rx = [rx 0.0230007];
ry = [ry 1.20197];
rx = [rx 0.09213];
ry = [ry 1.28626];
rx = [rx 0.072093];
ry = [ry 1.21611];
rx = [rx 0.096486];
ry = [ry 1.22493];
rx = [rx 0.105083];
ry = [ry 1.20395];
rx = [rx 0.146531];
ry = [ry 1.24976];
rx = [rx 0.156337];
ry = [ry 1.232];
rx = [rx 0.15979];
ry = [ry 1.19879];
rx = [rx 0.212321];
ry = [ry 1.27976];
rx = [rx 0.212394];
ry = [ry 1.23846];
rx = [rx 0.247855];
ry = [ry 1.28659];
rx = [rx 0.238735];
ry = [ry 1.21678];
rx = [rx 0.250932];
ry = [ry 1.20216];
rx = [rx 0.273452];
ry = [ry 1.21857];
rx = [rx 0.296006];
ry = [ry 1.23781];
rx = [rx 0.303907];
ry = [ry 1.20846];
rx = [rx 0.322764];
ry = [ry 1.21701];
rx = [rx 0.336144];
ry = [ry 1.20517];
rx = [rx 0.361892];
ry = [ry 1.24649];
rx = [rx 0.376521];
ry = [ry 1.24241];
rx = [rx 0.407811];
ry = [ry 1.32553];
rx = [rx 0.396865];
ry = [ry 1.18195];
rx = [rx 0.426508];
ry = [ry 1.26799];
rx = [rx 0.443731];
ry = [ry 1.28635];
rx = [rx 0.462737];
ry = [ry 1.32573];
rx = [rx 0.479205];
ry = [ry 1.3544];
rx = [rx 0.492567];
ry = [ry 1.35864];
rx = [rx 0.50172];
ry = [ry 1.30225];
rx = [rx 0.517974];
ry = [ry 1.35147];
rx = [rx 0.528226];
ry = [ry 1.2648];
rx = [rx 0.543113];
ry = [ry 1.29517];
rx = [rx 0.556998];
ry = [ry 1.3076];
rx = [rx 0.568617];
ry = [ry 1.4072];
rx = [rx 0.582649];
ry = [ry 1.35402];
rx = [rx 0.587261];
ry = [ry 1.50257];
rx = [rx 0.607715];
ry = [ry 1.36518];
rx = [rx 0.618199];
ry = [ry 1.39053];
rx = [rx 0.636778];
ry = [ry 1.33359];
rx = [rx 0.633905];
ry = [ry 1.46264];
rx = [rx 0.65347];
ry = [ry 1.40467];
rx = [rx 0.65949];
ry = [ry 1.44342];
rx = [rx 0.678108];
ry = [ry 1.40485];
rx = [rx 0.677054];
ry = [ry 1.47298];
rx = [rx 0.673849];
ry = [ry 1.54];
rx = [rx 0.717786];
ry = [ry 1.39599];
rx = [rx 0.689758];
ry = [ry 1.55765];
rx = [rx 0.693099];
ry = [ry 1.58212];
rx = [rx 0.715753];
ry = [ry 1.53729];
rx = [rx 0.73293];
ry = [ry 1.51598];
rx = [rx 0.742909];
ry = [ry 1.51939];
rx = [rx 0.734278];
ry = [ry 1.57622];
rx = [rx 0.752708];
ry = [ry 1.55381];
rx = [rx 0.742795];
ry = [ry 1.60709];
rx = [rx 0.785719];
ry = [ry 1.52602];
rx = [rx 0.769893];
ry = [ry 1.59007];
rx = [rx 0.790015];
ry = [ry 1.56861];
rx = [rx 0.793093];
ry = [ry 1.58564];
rx = [rx 0.77556];
ry = [ry 1.64343];
rx = [rx 0.77436];
ry = [ry 1.6649];
rx = [rx 0.78618];
ry = [ry 1.66065];
rx = [rx 0.721238];
ry = [ry 1.79438];
rx = [rx 0.797551];
ry = [ry 1.67517];
rx = [rx 0.759655];
ry = [ry 1.75402];
rx = [rx 0.829024];
ry = [ry 1.65687];
rx = [rx 0.774673];
ry = [ry 1.75635];
rx = [rx 0.767098];
ry = [ry 1.77999];
rx = [rx 0.803605];
ry = [ry 1.73972];
rx = [rx 0.79104];
ry = [ry 1.76966];
rx = [rx 0.793529];
ry = [ry 1.77796];
rx = [rx 0.766442];
ry = [ry 1.82354];
rx = [rx 0.766728];
ry = [ry 1.83267];
rx = [rx 0.862429];
ry = [ry 1.72853];
rx = [rx 0.76964];
ry = [ry 1.84716];
rx = [rx 0.773745];
ry = [ry 1.85113];
rx = [rx 0.783044];
ry = [ry 1.84956];
rx = [rx 0.850518];
ry = [ry 1.78855];
rx = [rx 0.825304];
ry = [ry 1.82404];
rx = [rx 0.737584];
ry = [ry 1.91738];
rx = [rx 0.790042];
ry = [ry 1.87486];
rx = [rx 0.815209];
ry = [ry 1.85989];
rx = [rx 0.807713];
ry = [ry 1.87443];
rx = [rx 0.853447];
ry = [ry 1.84394];
rx = [rx 0.80944];
ry = [ry 1.88803];
rx = [rx 0.755871];
ry = [ry 1.93681];
rx = [rx 0.82641];
ry = [ry 1.88961];
rx = [rx 0.826345];
ry = [ry 1.89697];
rx = [rx 0.75014];
ry = [ry 1.95706];
rx = [rx 0.723057];
ry = [ry 1.9802];
rx = [rx 0.832814];
ry = [ry 1.9137];
rx = [rx 0.740113];
ry = [ry 1.97797];
rx = [rx 0.778146];
ry = [ry 1.95975];
rx = [rx 0.702697];
ry = [ry 2.00819];
rx = [rx 0.792816];
ry = [ry 1.96207];
rx = [rx 0.828254];
ry = [ry 1.94876];
rx = [rx 0.732646];
ry = [ry 2.0031];
rx = [rx 0.783528];
ry = [ry 1.98238];
rx = [rx 0.764343];
ry = [ry 1.99614];
rx = [rx 0.770955];
ry = [ry 1.99764];
rx = [rx 0.843255];
ry = [ry 1.97174];
rx = [rx 0.695339];
ry = [ry 2.03678];
rx = [rx 0.663537];
ry = [ry 2.0517];
rx = [rx 0.7664];
ry = [ry 2.01685];
rx = [rx 0.773668];
ry = [ry 2.01853];
rx = [rx 0.805234];
ry = [ry 2.01265];
rx = [rx 0.653906];
ry = [ry 2.06313];
rx = [rx 0.737242];
ry = [ry 2.04144];
rx = [rx 0.773521];
ry = [ry 2.0353];
rx = [rx 0.7228];
ry = [ry 2.05183];
rx = [rx 0.722184];
ry = [ry 2.05507];
rx = [rx 0.710668];
ry = [ry 2.06055];
rx = [rx 0.751897];
ry = [ry 2.05553];
rx = [rx 0.644607];
ry = [ry 2.07762];
rx = [rx 0.711939];
ry = [ry 2.06882];
rx = [rx 0.768991];
ry = [ry 2.06382];
rx = [rx 0.727103];
ry = [ry 2.07262];
rx = [rx 0.778552];
ry = [ry 2.07046];
rx = [rx 0.695199];
ry = [ry 2.0814];
rx = [rx 0.660534];
ry = [ry 2.08617];
rx = [rx 0.658328];
ry = [ry 2.08814];
rx = [rx 0.678024];
ry = [ry 2.08935];
rx = [rx 0.693176];
ry = [ry 2.0913];
rx = [rx 0.66248];
ry = [ry 2.09361];
rx = [rx 0.702443];
ry = [ry 2.09635];
rx = [rx 0.724749];
ry = [ry 2.09979];
rx = [rx 0.651274];
ry = [ry 2.09866];
rx = [rx 0.756497];
ry = [ry 2.1081];
rx = [rx 0.734492];
ry = [ry 2.10965];
rx = [rx 0.681973];
ry = [ry 2.10712];
rx = [rx 0.719159];
ry = [ry 2.11408];
rx = [rx 0.698154];
ry = [ry 2.11399];
rx = [rx 0.688071];
ry = [ry 2.11492];
rx = [rx 0.667789];
ry = [ry 2.11368];
rx = [rx 0.685002];
ry = [ry 2.11914];
rx = [rx 0.738577];
ry = [ry 2.13311];
rx = [rx 0.695329];
ry = [ry 2.12635];
rx = [rx 0.741796];
ry = [ry 2.14072];
rx = [rx 0.73327];
ry = [ry 2.1419];
rx = [rx 0.718529];
ry = [ry 2.14099];
rx = [rx 0.784738];
ry = [ry 2.16462];
rx = [rx 0.759738];
ry = [ry 2.16083];
rx = [rx 0.681915];
ry = [ry 2.13772];
rx = [rx 0.648768];
ry = [ry 2.12804];
rx = [rx 0.672297];
ry = [ry 2.13905];
rx = [rx 0.734358];
ry = [ry 2.16677];
rx = [rx 0.704223];
ry = [ry 2.15755];
rx = [rx 0.674833];
ry = [ry 2.14746];
rx = [rx 0.670126];
ry = [ry 2.1478];
rx = [rx 0.722536];
ry = [ry 2.17609];
rx = [rx 0.624577];
ry = [ry 2.12941];
rx = [rx 0.730504];
ry = [ry 2.18779];
rx = [rx 0.661994];
ry = [ry 2.15349];
rx = [rx 0.73091];
ry = [ry 2.19611];
rx = [rx 0.715326];
ry = [ry 2.19084];
rx = [rx 0.646643];
ry = [ry 2.15146];
rx = [rx 0.705498];
ry = [ry 2.19226];
rx = [rx 0.686755];
ry = [ry 2.18334];
rx = [rx 0.627202];
ry = [ry 2.14475];
rx = [rx 0.702016];
ry = [ry 2.20144];
rx = [rx 0.690036];
ry = [ry 2.19636];
rx = [rx 0.704767];
ry = [ry 2.21175];
rx = [rx 0.655969];
ry = [ry 2.17626];
rx = [rx 0.697341];
ry = [ry 2.21423];
rx = [rx 0.665924];
ry = [ry 2.19107];
rx = [rx 0.725327];
ry = [ry 2.24844];
rx = [rx 0.719769];
ry = [ry 2.24875];
rx = [rx 0.690159];
ry = [ry 2.22548];
rx = [rx 0.628305];
ry = [ry 2.16788];
rx = [rx 0.659021];
ry = [ry 2.20257];
rx = [rx 0.657793];
ry = [ry 2.20514];
rx = [rx 0.642669];
ry = [ry 2.19221];
rx = [rx 0.681453];
