rx = [];
ry = [];
rx = [rx -0.385148];
ry = [ry 1.65745];
rx = [rx -0.460025];
ry = [ry 1.60148];
rx = [rx -0.423797];
ry = [ry 1.59774];
rx = [rx -0.37235];
ry = [ry 1.60319];
rx = [rx -0.412727];
ry = [ry 1.56034];
rx = [rx -0.378679];
ry = [ry 1.55764];
rx = [rx -0.329862];
ry = [ry 1.56485];
rx = [rx -0.378285];
ry = [ry 1.51394];
rx = [rx -0.4094];
ry = [ry 1.47131];
rx = [rx -0.35454];
ry = [ry 1.4839];
rx = [rx -0.332125];
ry = [ry 1.47627];
rx = [rx -0.377394];
ry = [ry 1.42067];
rx = [rx -0.314852];
ry = [ry 1.44234];
rx = [rx -0.398057];
ry = [ry 1.35425];
rx = [rx -0.392937];
ry = [ry 1.3315];
rx = [rx -0.36306];
ry = [ry 1.32883];
rx = [rx -0.361087];
ry = [ry 1.30315];
rx = [rx -0.313447];
ry = [ry 1.31741];
rx = [rx -0.232407];
ry = [ry 1.36461];
rx = [rx -0.306208];
ry = [ry 1.26839];
rx = [rx -0.263062];
ry = [ry 1.28191];
rx = [rx -0.241534];
ry = [ry 1.27531];
rx = [rx -0.278275];
ry = [ry 1.20746];
rx = [rx -0.239654];
ry = [ry 1.21848];
rx = [rx -0.248435];
ry = [ry 1.17741];
rx = [rx -0.147752];
ry = [ry 1.26331];
rx = [rx -0.216989];
ry = [ry 1.149];
rx = [rx -0.198806];
ry = [ry 1.13784];
rx = [rx -0.144229];
ry = [ry 1.17454];
rx = [rx -0.130798];
ry = [ry 1.15896];
rx = [rx -0.0155596];
ry = [ry 1.28675];
rx = [rx -0.0936856];
ry = [ry 1.14193];
rx = [rx -0.0411563];
ry = [ry 1.18542];
rx = [rx 0.0178941];
ry = [ry 1.24347];
rx = [rx 0.0130013];
ry = [ry 1.20188];
rx = [rx 0.0829105];
ry = [ry 1.28553];
rx = [rx 0.0622228];
ry = [ry 1.21557];
rx = [rx 0.0866967];
ry = [ry 1.22416];
rx = [rx 0.0950988];
ry = [ry 1.2031];
rx = [rx 0.13697];
ry = [ry 1.24852];
rx = [rx 0.146611];
ry = [ry 1.23067];
rx = [rx 0.149755];
ry = [ry 1.19743];
rx = [rx 0.203035];
ry = [ry 1.2779];
rx = [rx 0.202725];
ry = [ry 1.23661];
rx = [rx 0.238632];
ry = [ry 1.2844];
rx = [rx 0.228864];
ry = [ry 1.21468];
rx = [rx 0.240925];
ry = [ry 1.19995];
rx = [rx 0.263596];
ry = [ry 1.21615];
rx = [rx 0.286327];
ry = [ry 1.23519];
rx = [rx 0.293956];
ry = [ry 1.20576];
rx = [rx 0.312892];
ry = [ry 1.21414];
rx = [rx 0.326161];
ry = [ry 1.20217];
rx = [rx 0.352291];
ry = [ry 1.24325];
rx = [rx 0.366882];
ry = [ry 1.23903];
rx = [rx 0.398943];
ry = [ry 1.32186];
rx = [rx 0.386663];
ry = [ry 1.17838];
rx = [rx 0.417105];
ry = [ry 1.26415];
rx = [rx 0.434497];
ry = [ry 1.28235];
rx = [rx 0.453868];
ry = [ry 1.32155];
rx = [rx 0.470601];
ry = [ry 1.35006];
rx = [rx 0.484002];
ry = [ry 1.35418];
rx = [rx 0.492631];
ry = [ry 1.29771];
rx = [rx 0.509342];
ry = [ry 1.34678];
rx = [rx 0.518788];
ry = [ry 1.26002];
rx = [rx 0.533957];
ry = [ry 1.29024];
rx = [rx 0.547957];
ry = [ry 1.30255];
rx = [rx 0.5605];
ry = [ry 1.40203];
rx = [rx 0.574038];
ry = [ry 1.34872];
rx = [rx 0.580029];
ry = [ry 1.49723];
rx = [rx 0.599206];
ry = [ry 1.35966];
rx = [rx 0.609925];
ry = [ry 1.3849];
rx = [rx 0.627974];
ry = [ry 1.32779];
rx = [rx 0.6263];
ry = [ry 1.45686];
rx = [rx 0.645326];
ry = [ry 1.39872];
rx = [rx 0.651706];
ry = [ry 1.43741];
rx = [rx 0.669964];
ry = [ry 1.39866];
rx = [rx 0.669544];
ry = [ry 1.46681];
rx = [rx 0.666961];
ry = [ry 1.53385];
rx = [rx 0.709558];
ry = [ry 1.38944];
rx = [rx 0.683033];
ry = [ry 1.55135];
rx = [rx 0.686601];
ry = [ry 1.57579];
rx = [rx 0.708838];
ry = [ry 1.53075];
rx = [rx 0.725816];
ry = [ry 1.50928];
rx = [rx 0.735827];
ry = [ry 1.5126];
rx = [rx 0.727724];
ry = [ry 1.5695];
rx = [rx 0.745945];
ry = [ry 1.54692];
rx = [rx 0.736527];
ry = [ry 1.6003];
rx = [rx 0.778696];
ry = [ry 1.51883];
rx = [rx 0.763466];
ry = [ry 1.58302];
rx = [rx 0.783388];
ry = [ry 1.56138];
rx = [rx 0.786623];
ry = [ry 1.57838];
rx = [rx 0.769629];
ry = [ry 1.63633];
rx = [rx 0.768628];
ry = [ry 1.65782];
rx = [rx 0.780408];
ry = [ry 1.65345];
rx = [rx 0.71671];
ry = [ry 1.78778];
rx = [rx 0.791913];
ry = [ry 1.66786];
rx = [rx 0.754751];
ry = [ry 1.74707];
rx = [rx 0.823215];
ry = [ry 1.64928];
rx = [rx 0.769789];
ry = [ry 1.74926];
rx = [rx 0.762434];
ry = [ry 1.77297];
rx = [rx 0.798566];
ry = [ry 1.73235];
rx = [rx 0.78628];
ry = [ry 1.76242];
rx = [rx 0.788846];
ry = [ry 1.77069];
rx = [rx 0.762183];
ry = [ry 1.81652];
rx = [rx 0.762554];
ry = [ry 1.82564];
rx = [rx 0.857284];
ry = [ry 1.72063];
rx = [rx 0.765601];
ry = [ry 1.8401];
rx = [rx 0.769742];
ry = [ry 1.84404];
rx = [rx 0.779026];
ry = [ry 1.84238];
rx = [rx 0.845931];
ry = [ry 1.78075];
rx = [rx 0.821048];
ry = [ry 1.81647];
rx = [rx 0.734198];
ry = [ry 1.91063];
rx = [rx 0.786259];
ry = [ry 1.86762];
rx = [rx 0.811286];
ry = [ry 1.85241];
rx = [rx 0.803925];
ry = [ry 1.86702];
rx = [rx 0.849373];
ry = [ry 1.83611];
rx = [rx 0.805778];
ry = [ry 1.88061];
rx = [rx 0.752664];
ry = [ry 1.92988];
rx = [rx 0.822763];
ry = [ry 1.88203];
rx = [rx 0.822766];
ry = [ry 1.88939];
rx = [rx 0.747122];
ry = [ry 1.95018];
rx = [rx 0.720255];
ry = [ry 1.97357];
rx = [rx 0.82939];
ry = [ry 1.90605];
rx = [rx 0.73729];
ry = [ry 1.97118];
rx = [rx 0.775152];
ry = [ry 1.95261];
rx = [rx 0.700156];
ry = [ry 2.00175];
rx = [rx 0.789842];
ry = [ry 1.95479];
rx = [rx 0.825155];
ry = [ry 1.94116];
rx = [rx 0.730056];
ry = [ry 1.99638];
rx = [rx 0.780744];
ry = [ry 1.9752];
rx = [rx 0.761687];
ry = [ry 1.98913];
rx = [rx 0.768313];
ry = [ry 1.99057];
rx = [rx 0.840369];
ry = [ry 1.964];
rx = [rx 0.693064];
ry = [ry 2.03041];
rx = [rx 0.661401];
ry = [ry 2.04562];
rx = [rx 0.763936];
ry = [ry 2.00982];
rx = [rx 0.771219];
ry = [ry 2.01143];
rx = [rx 0.80273];
ry = [ry 2.00526];
rx = [rx 0.651877];
ry = [ry 2.05714];
rx = [rx 0.735008];
ry = [ry 2.03468];
rx = [rx 0.771228];
ry = [ry 2.0282];
rx = [rx 0.720663];
ry = [ry 2.0452];
rx = [rx 0.720077];
ry = [ry 2.04845];
rx = [rx 0.708613];
ry = [ry 2.05404];
rx = [rx 0.749793];
ry = [ry 2.04863];
rx = [rx 0.642713];
ry = [ry 2.07171];
rx = [rx 0.709961];
ry = [ry 2.06229];
rx = [rx 0.766963];
ry = [ry 2.05677];
rx = [rx 0.72516];
ry = [ry 2.06596];
rx = [rx 0.776585];
ry = [ry 2.06331];
rx = [rx 0.693338];
ry = [ry 2.07503];
rx = [rx 0.658719];
ry = [ry 2.08012];
rx = [rx 0.656531];
ry = [ry 2.08211];
rx = [rx 0.676237];
ry = [ry 2.08313];
rx = [rx 0.691407];
ry = [ry 2.08495];
rx = [rx 0.660734];
ry = [ry 2.08755];
rx = [rx 0.700721];
ry = [ry 2.08991];
rx = [rx 0.723058];
ry = [ry 2.09315];
rx = [rx 0.649575];
ry = [ry 2.0927];
rx = [rx 0.754882];
ry = [ry 2.10116];
rx = [rx 0.732892];
ry = [ry 2.10292];
rx = [rx 0.680352];
ry = [ry 2.10087];
rx = [rx 0.717601];
ry = [ry 2.10749];
rx = [rx 0.696596];
ry = [ry 2.10759];
rx = [rx 0.686521];
ry = [ry 2.10862];
rx = [rx 0.666229];
ry = [ry 2.10756];
rx = [rx 0.683492];
ry = [ry 2.11286];
rx = [rx 0.737194];
ry = [ry 2.12634];
rx = [rx 0.693886];
ry = [ry 2.11997];
rx = [rx 0.740484];
ry = [ry 2.13391];
rx = [rx 0.73197];
ry = [ry 2.13517];
rx = [rx 0.717221];
ry = [ry 2.1344];
rx = [rx 0.783646];
ry = [ry 2.15741];
rx = [rx 0.758612];
ry = [ry 2.15386];
rx = [rx 0.680578];
ry = [ry 2.13147];
rx = [rx 0.647342];
ry = [ry 2.12209];
rx = [rx 0.670973];
ry = [ry 2.13289];
rx = [rx 0.733289];
ry = [ry 2.16004];
rx = [rx 0.703069];
ry = [ry 2.15109];
rx = [rx 0.673587];
ry = [ry 2.14128];
rx = [rx 0.668883];
ry = [ry 2.14166];
rx = [rx 0.721554];
ry = [ry 2.16946];
rx = [rx 0.623165];
ry = [ry 2.12369];
rx = [rx 0.72963];
ry = [ry 2.18109];
rx = [rx 0.660804];
ry = [ry 2.14743];
rx = [rx 0.730112];
ry = [ry 2.1894];
rx = [rx 0.714481];
ry = [ry 2.18428];
rx = [rx 0.645435];
ry = [ry 2.14554];
rx = [rx 0.704666];
ry = [ry 2.18579];
rx = [rx 0.685841];
ry = [ry 2.17704];
rx = [rx 0.625933];
ry = [ry 2.139];
rx = [rx 0.701269];
ry = [ry 2.195];
rx = [rx 0.689243];
ry = [ry 2.19004];
rx = [rx 0.704117];
ry = [ry 2.20528];
rx = [rx 0.654991];
ry = [ry 2.17025];
rx = [rx 0.696713];
ry = [ry 2.20783];
rx = [rx 0.665083];
ry = [ry 2.18496];
rx = [rx 0.725016];
ry = [ry 2.24178];
rx = [rx 0.719462];
ry = [ry 2.24214];
rx = [rx 0.689637];
ry = [ry 2.21915];
rx = [rx 0.62725];
ry = [ry 2.16213];
rx = [rx 0.658287];
ry = [ry 2.19653];
rx = [rx 0.657083];
ry = [ry 2.19911];
rx = [rx 0.641839];
ry = [ry 2.18632];
rx = [rx 0.681072];
