rx = [];
ry = [];
rx = [rx -0.370975];
ry = [ry 1.64294];
rx = [rx -0.444487];
ry = [ry 1.58519];
rx = [rx -0.40818];
ry = [ry 1.58232];
rx = [rx -0.356878];
ry = [ry 1.589];
rx = [rx -0.396215];
ry = [ry 1.54519];
rx = [rx -0.362112];
ry = [ry 1.54332];
rx = [rx -0.313482];
ry = [ry 1.55169];
rx = [rx -0.360669];
ry = [ry 1.49963];
rx = [rx -0.390752];
ry = [ry 1.45627];
rx = [rx -0.336211];
ry = [ry 1.47017];
rx = [rx -0.313619];
ry = [ry 1.46309];
rx = [rx -0.35754];
ry = [ry 1.40642];
rx = [rx -0.295536];
ry = [ry 1.42958];
rx = [rx -0.376603];
ry = [ry 1.33951];
rx = [rx -0.370938];
ry = [ry 1.3169];
rx = [rx -0.341006];
ry = [ry 1.31494];
rx = [rx -0.338417];
ry = [ry 1.28932];
rx = [rx -0.291133];
ry = [ry 1.30472];
rx = [rx -0.21125];
ry = [ry 1.35385];
rx = [rx -0.28272];
ry = [ry 1.25589];
rx = [rx -0.239911];
ry = [ry 1.27044];
rx = [rx -0.21823];
ry = [ry 1.26436];
rx = [rx -0.253332];
ry = [ry 1.19564];
rx = [rx -0.214987];
ry = [ry 1.20759];
rx = [rx -0.22278];
ry = [ry 1.16632];
rx = [rx -0.124187];
ry = [ry 1.25461];
rx = [rx -0.19066];
ry = [ry 1.13868];
rx = [rx -0.172215];
ry = [ry 1.12795];
rx = [rx -0.118535];
ry = [ry 1.16596];
rx = [rx -0.104734];
ry = [ry 1.1507];
rx = [rx 0.0074044];
ry = [ry 1.28121];
rx = [rx -0.0672233];
ry = [ry 1.13457];
rx = [rx -0.0157529];
ry = [ry 1.17931];
rx = [rx 0.0418871];
ry = [ry 1.23876];
rx = [rx 0.037994];
ry = [ry 1.19706];
rx = [rx 0.105875];
ry = [ry 1.28236];
rx = [rx 0.0868729];
ry = [ry 1.21192];
rx = [rx 0.111134];
ry = [ry 1.2211];
rx = [rx 0.120039];
ry = [ry 1.20025];
rx = [rx 0.160808];
ry = [ry 1.24666];
rx = [rx 0.170874];
ry = [ry 1.22904];
rx = [rx 0.174815];
ry = [ry 1.19589];
rx = [rx 0.226149];
ry = [ry 1.27762];
rx = [rx 0.22683];
ry = [ry 1.23633];
rx = [rx 0.261579];
ry = [ry 1.28497];
rx = [rx 0.253487];
ry = [ry 1.21504];
rx = [rx 0.265898];
ry = [ry 1.2006];
rx = [rx 0.288174];
ry = [ry 1.21734];
rx = [rx 0.310442];
ry = [ry 1.23691];
rx = [rx 0.318774];
ry = [ry 1.20768];
rx = [rx 0.337504];
ry = [ry 1.21651];
rx = [rx 0.351056];
ry = [ry 1.20487];
rx = [rx 0.376193];
ry = [ry 1.24656];
rx = [rx 0.390881];
ry = [ry 1.2427];
rx = [rx 0.420945];
ry = [ry 1.32627];
rx = [rx 0.412112];
ry = [ry 1.18254];
rx = [rx 0.440486];
ry = [ry 1.26901];
rx = [rx 0.457437];
ry = [ry 1.28762];
rx = [rx 0.475862];
ry = [ry 1.32728];
rx = [rx 0.491906];
ry = [ry 1.35618];
rx = [rx 0.505203];
ry = [ry 1.36062];
rx = [rx 0.515186];
ry = [ry 1.30437];
rx = [rx 0.530714];
ry = [ry 1.35382];
rx = [rx 0.54224];
ry = [ry 1.26732];
rx = [rx 0.556679];
ry = [ry 1.2979];
rx = [rx 0.570379];
ry = [ry 1.31054];
rx = [rx 0.580531];
ry = [ry 1.41029];
rx = [rx 0.595344];
ry = [ry 1.35733];
rx = [rx 0.597769];
ry = [ry 1.50593];
rx = [rx 0.620243];
ry = [ry 1.36886];
rx = [rx 0.630353];
ry = [ry 1.39436];
rx = [rx 0.649768];
ry = [ry 1.33769];
rx = [rx 0.644996];
ry = [ry 1.46668];
rx = [rx 0.665412];
ry = [ry 1.40902];
rx = [rx 0.670861];
ry = [ry 1.44785];
rx = [rx 0.690045];
ry = [ry 1.40955];
rx = [rx 0.687988];
ry = [ry 1.47767];
rx = [rx 0.683797];
ry = [ry 1.54463];
rx = [rx 0.729848];
ry = [ry 1.40128];
rx = [rx 0.699445];
ry = [ry 1.56251];
rx = [rx 0.702426];
ry = [ry 1.58702];
rx = [rx 0.725737];
ry = [ry 1.54254];
rx = [rx 0.743226];
ry = [ry 1.52148];
rx = [rx 0.753154];
ry = [ry 1.52504];
rx = [rx 0.743687];
ry = [ry 1.58173];
rx = [rx 0.762445];
ry = [ry 1.55959];
rx = [rx 0.751749];
ry = [ry 1.61273];
rx = [rx 0.795861];
ry = [ry 1.53229];
rx = [rx 0.779094];
ry = [ry 1.5961];
rx = [rx 0.79953];
ry = [ry 1.57494];
rx = [rx 0.802357];
ry = [ry 1.59202];
rx = [rx 0.783976];
ry = [ry 1.64955];
rx = [rx 0.78246];
ry = [ry 1.671];
rx = [rx 0.794341];
ry = [ry 1.66692];
rx = [rx 0.727438];
ry = [ry 1.79968];
rx = [rx 0.805497];
ry = [ry 1.6816];
rx = [rx 0.766445];
ry = [ry 1.75989];
rx = [rx 0.837236];
ry = [ry 1.66377];
rx = [rx 0.781426];
ry = [ry 1.76244];
rx = [rx 0.773504];
ry = [ry 1.78597];
rx = [rx 0.8106];
ry = [ry 1.74623];
rx = [rx 0.797596];
ry = [ry 1.77599];
rx = [rx 0.799963];
ry = [ry 1.78432];
rx = [rx 0.772208];
ry = [ry 1.8295];
rx = [rx 0.77236];
ry = [ry 1.83863];
rx = [rx 0.869583];
ry = [ry 1.73592];
rx = [rx 0.775058];
ry = [ry 1.85316];
rx = [rx 0.779104];
ry = [ry 1.85719];
rx = [rx 0.788425];
ry = [ry 1.85576];
rx = [rx 0.856789];
ry = [ry 1.79576];
rx = [rx 0.831056];
ry = [ry 1.83087];
rx = [rx 0.741972];
ry = [ry 1.92291];
rx = [rx 0.79505];
ry = [ry 1.88116];
rx = [rx 0.820435];
ry = [ry 1.86656];
rx = [rx 0.812726];
ry = [ry 1.88099];
rx = [rx 0.858903];
ry = [ry 1.85117];
rx = [rx 0.814252];
ry = [ry 1.89462];
rx = [rx 0.759971];
ry = [ry 1.9426];
rx = [rx 0.831197];
ry = [ry 1.89645];
rx = [rx 0.831024];
ry = [ry 1.90381];
rx = [rx 0.753943];
ry = [ry 1.96277];
rx = [rx 0.726522];
ry = [ry 1.9855];
rx = [rx 0.837246];
ry = [ry 1.92062];
rx = [rx 0.743609];
ry = [ry 1.98352];
rx = [rx 0.781906];
ry = [ry 1.96586];
rx = [rx 0.705752];
ry = [ry 2.01319];
rx = [rx 0.79654];
ry = [ry 1.9684];
rx = [rx 0.83217];
ry = [ry 1.95561];
rx = [rx 0.735773];
ry = [ry 2.00854];
rx = [rx 0.786955];
ry = [ry 1.98858];
rx = [rx 0.767569];
ry = [ry 2.00205];
rx = [rx 0.774158];
ry = [ry 2.00365];
rx = [rx 0.846832];
ry = [ry 1.97882];
rx = [rx 0.697974];
ry = [ry 2.04167];
rx = [rx 0.665956];
ry = [ry 2.05612];
rx = [rx 0.769321];
ry = [ry 2.02278];
rx = [rx 0.776563];
ry = [ry 2.02458];
rx = [rx 0.808212];
ry = [ry 2.01916];
rx = [rx 0.656158];
ry = [ry 2.06741];
rx = [rx 0.739804];
ry = [ry 2.04695];
rx = [rx 0.77617];
ry = [ry 2.04134];
rx = [rx 0.725211];
ry = [ry 2.05712];
rx = [rx 0.724547];
ry = [ry 2.06036];
rx = [rx 0.712952];
ry = [ry 2.06566];
rx = [rx 0.75425];
ry = [ry 2.06125];
rx = [rx 0.646647];
ry = [ry 2.08176];
rx = [rx 0.714101];
ry = [ry 2.07395];
rx = [rx 0.77122];
ry = [ry 2.06979];
rx = [rx 0.729208];
ry = [ry 2.07798];
rx = [rx 0.780682];
ry = [ry 2.07657];
rx = [rx 0.697178];
ry = [ry 2.08628];
rx = [rx 0.662447];
ry = [ry 2.09055];
rx = [rx 0.660211];
ry = [ry 2.09248];
rx = [rx 0.679887];
ry = [ry 2.09398];
rx = [rx 0.69501];
ry = [ry 2.09615];
rx = [rx 0.664283];
ry = [ry 2.09802];
rx = [rx 0.704201];
ry = [ry 2.10133];
rx = [rx 0.726454];
ry = [ry 2.10511];
rx = [rx 0.653003];
ry = [ry 2.1029];
rx = [rx 0.758077];
ry = [ry 2.11389];
rx = [rx 0.736051];
ry = [ry 2.11511];
rx = [rx 0.683575];
ry = [ry 2.11181];
rx = [rx 0.720654];
ry = [ry 2.11932];
rx = [rx 0.699653];
ry = [ry 2.11891];
rx = [rx 0.689557];
ry = [ry 2.1197];
rx = [rx 0.669296];
ry = [ry 2.11816];
rx = [rx 0.686426];
ry = [ry 2.12387];
rx = [rx 0.73979];
ry = [ry 2.13863];
rx = [rx 0.696646];
ry = [ry 2.13123];
rx = [rx 0.742896];
ry = [ry 2.14628];
rx = [rx 0.734355];
ry = [ry 2.14734];
rx = [rx 0.719629];
ry = [ry 2.14621];
rx = [rx 0.785482];
ry = [ry 2.17081];
rx = [rx 0.760541];
ry = [ry 2.16666];
rx = [rx 0.683067];
ry = [ry 2.1424];
rx = [rx 0.650066];
ry = [ry 2.13223];
rx = [rx 0.67343];
ry = [ry 2.14359];
rx = [rx 0.735077];
ry = [ry 2.17223];
rx = [rx 0.70508];
ry = [ry 2.16256];
rx = [rx 0.675842];
ry = [ry 2.15204];
rx = [rx 0.671131];
ry = [ry 2.15231];
rx = [rx 0.723119];
ry = [ry 2.18136];
rx = [rx 0.625857];
ry = [ry 2.13325];
rx = [rx 0.730914];
ry = [ry 2.19318];
rx = [rx 0.662915];
ry = [ry 2.15788];
rx = [rx 0.731196];
ry = [ry 2.2015];
rx = [rx 0.715692];
ry = [ry 2.19601];
rx = [rx 0.647596];
ry = [ry 2.15563];
rx = [rx 0.705844];
ry = [ry 2.19729];
rx = [rx 0.687235];
ry = [ry 2.18809];
rx = [rx 0.628256];
ry = [ry 2.14862];
rx = [rx 0.702227];
ry = [ry 2.20642];
rx = [rx 0.690324];
ry = [ry 2.20116];
rx = [rx 0.704827];
ry = [ry 2.21676];
rx = [rx 0.656557];
ry = [ry 2.18055];
rx = [rx 0.697365];
ry = [ry 2.21913];
rx = [rx 0.666293];
ry = [ry 2.19551];
rx = [rx 0.724844];
ry = [ry 2.25375];
rx = [rx 0.719283];
ry = [ry 2.25398];
rx = [rx 0.690018];
ry = [ry 2.23028];
rx = [rx 0.629018];
ry = [ry 2.17177];
rx = [rx 0.65922];
ry = [ry 2.20691];
rx = [rx 0.657955];
ry = [ry 2.20946];
rx = [rx 0.643023];
ry = [ry 2.19631];
rx = [rx 0.681089];
