rx = [];
ry = [];
rx = [rx -0.365705];
ry = [ry 1.63426];
rx = [rx -0.438613];
ry = [ry 1.57575];
rx = [rx -0.402279];
ry = [ry 1.57326];
rx = [rx -0.351049];
ry = [ry 1.58047];
rx = [rx -0.389929];
ry = [ry 1.53626];
rx = [rx -0.355808];
ry = [ry 1.53473];
rx = [rx -0.307268];
ry = [ry 1.54362];
rx = [rx -0.353912];
ry = [ry 1.49107];
rx = [rx -0.383543];
ry = [ry 1.4474];
rx = [rx -0.329149];
ry = [ry 1.46186];
rx = [rx -0.306485];
ry = [ry 1.45502];
rx = [rx -0.349815];
ry = [ry 1.39789];
rx = [rx -0.288055];
ry = [ry 1.42169];
rx = [rx -0.368183];
ry = [ry 1.33079];
rx = [rx -0.362284];
ry = [ry 1.30824];
rx = [rx -0.332333];
ry = [ry 1.30659];
rx = [rx -0.329478];
ry = [ry 1.281];
rx = [rx -0.282357];
ry = [ry 1.29689];
rx = [rx -0.202987];
ry = [ry 1.34684];
rx = [rx -0.273437];
ry = [ry 1.24815];
rx = [rx -0.230781];
ry = [ry 1.26314];
rx = [rx -0.209039];
ry = [ry 1.25729];
rx = [rx -0.243425];
ry = [ry 1.18821];
rx = [rx -0.205206];
ry = [ry 1.20056];
rx = [rx -0.21257];
ry = [ry 1.1592];
rx = [rx -0.114899];
ry = [ry 1.24852];
rx = [rx -0.180166];
ry = [ry 1.1319];
rx = [rx -0.16161];
ry = [ry 1.12136];
rx = [rx -0.108327];
ry = [ry 1.15992];
rx = [rx -0.0943681];
ry = [ry 1.14481];
rx = [rx 0.016409];
ry = [ry 1.27648];
rx = [rx -0.0566924];
ry = [ry 1.12907];
rx = [rx -0.0056892];
ry = [ry 1.17434];
rx = [rx 0.0513306];
ry = [ry 1.23439];
rx = [rx 0.0478706];
ry = [ry 1.19265];
rx = [rx 0.114863];
ry = [ry 1.27865];
rx = [rx 0.0965925];
ry = [ry 1.20802];
rx = [rx 0.120757];
ry = [ry 1.21745];
rx = [rx 0.129878];
ry = [ry 1.19669];
rx = [rx 0.170163];
ry = [ry 1.24352];
rx = [rx 0.180412];
ry = [ry 1.22601];
rx = [rx 0.184697];
ry = [ry 1.1929];
rx = [rx 0.235179];
ry = [ry 1.27516];
rx = [rx 0.236289];
ry = [ry 1.23388];
rx = [rx 0.270531];
ry = [ry 1.28288];
rx = [rx 0.263165];
ry = [ry 1.21287];
rx = [rx 0.275726];
ry = [ry 1.19856];
rx = [rx 0.297826];
ry = [ry 1.21553];
rx = [rx 0.31989];
ry = [ry 1.23533];
rx = [rx 0.328526];
ry = [ry 1.20618];
rx = [rx 0.347162];
ry = [ry 1.21521];
rx = [rx 0.360835];
ry = [ry 1.20371];
rx = [rx 0.385538];
ry = [ry 1.24566];
rx = [rx 0.400265];
ry = [ry 1.24195];
rx = [rx 0.429459];
ry = [ry 1.32583];
rx = [rx 0.42212];
ry = [ry 1.18201];
rx = [rx 0.449594];
ry = [ry 1.26877];
rx = [rx 0.466351];
ry = [ry 1.28756];
rx = [rx 0.484363];
ry = [ry 1.32741];
rx = [rx 0.500106];
ry = [ry 1.35648];
rx = [rx 0.513357];
ry = [ry 1.36105];
rx = [rx 0.523923];
ry = [ry 1.30491];
rx = [rx 0.538937];
ry = [ry 1.35452];
rx = [rx 0.55136];
ry = [ry 1.26814];
rx = [rx 0.565481];
ry = [ry 1.29887];
rx = [rx 0.579049];
ry = [ry 1.31165];
rx = [rx 0.588165];
ry = [ry 1.4115];
rx = [rx 0.603527];
ry = [ry 1.35869];
rx = [rx 0.60441];
ry = [ry 1.50731];
rx = [rx 0.628305];
ry = [ry 1.37048];
rx = [rx 0.63815];
ry = [ry 1.39608];
rx = [rx 0.658151];
ry = [ry 1.33962];
rx = [rx 0.652041];
ry = [ry 1.46856];
rx = [rx 0.673055];
ry = [ry 1.41111];
rx = [rx 0.6781];
ry = [ry 1.45];
rx = [rx 0.69768];
ry = [ry 1.4119];
rx = [rx 0.694917];
ry = [ry 1.47999];
rx = [rx 0.690031];
ry = [ry 1.5469];
rx = [rx 0.737568];
ry = [ry 1.40405];
rx = [rx 0.705492];
ry = [ry 1.56494];
rx = [rx 0.708218];
ry = [ry 1.58949];
rx = [rx 0.73199];
ry = [ry 1.54525];
rx = [rx 0.749696];
ry = [ry 1.52437];
rx = [rx 0.759587];
ry = [ry 1.52803];
rx = [rx 0.749533];
ry = [ry 1.58463];
rx = [rx 0.768519];
ry = [ry 1.56268];
rx = [rx 0.757272];
ry = [ry 1.6157];
rx = [rx 0.802217];
ry = [ry 1.53573];
rx = [rx 0.784788];
ry = [ry 1.59936];
rx = [rx 0.805443];
ry = [ry 1.57842];
rx = [rx 0.808092];
ry = [ry 1.59552];
rx = [rx 0.789115];
ry = [ry 1.65286];
rx = [rx 0.787376];
ry = [ry 1.67429];
rx = [rx 0.799299];
ry = [ry 1.67033];
rx = [rx 0.731022];
ry = [ry 1.80239];
rx = [rx 0.810302];
ry = [ry 1.68513];
rx = [rx 0.77044];
ry = [ry 1.76301];
rx = [rx 0.842225];
ry = [ry 1.66764];
rx = [rx 0.785394];
ry = [ry 1.76572];
rx = [rx 0.777228];
ry = [ry 1.78916];
rx = [rx 0.814734];
ry = [ry 1.74982];
rx = [rx 0.801422];
ry = [ry 1.77944];
rx = [rx 0.803702];
ry = [ry 1.78779];
rx = [rx 0.77548];
ry = [ry 1.83268];
rx = [rx 0.775537];
ry = [ry 1.84181];
rx = [rx 0.873821];
ry = [ry 1.74011];
rx = [rx 0.778084];
ry = [ry 1.85637];
rx = [rx 0.782088];
ry = [ry 1.86044];
rx = [rx 0.791423];
ry = [ry 1.85911];
rx = [rx 0.860407];
ry = [ry 1.79981];
rx = [rx 0.834311];
ry = [ry 1.83466];
rx = [rx 0.744276];
ry = [ry 1.92577];
rx = [rx 0.797785];
ry = [ry 1.88457];
rx = [rx 0.82332];
ry = [ry 1.87024];
rx = [rx 0.815461];
ry = [ry 1.88458];
rx = [rx 0.861945];
ry = [ry 1.85525];
rx = [rx 0.816846];
ry = [ry 1.89823];
rx = [rx 0.762069];
ry = [ry 1.94565];
rx = [rx 0.833771];
ry = [ry 1.90024];
rx = [rx 0.833521];
ry = [ry 1.90759];
rx = [rx 0.755832];
ry = [ry 1.96575];
rx = [rx 0.728177];
ry = [ry 1.9882];
rx = [rx 0.839569];
ry = [ry 1.92447];
rx = [rx 0.745284];
ry = [ry 1.9864];
rx = [rx 0.783762];
ry = [ry 1.96913];
rx = [rx 0.707121];
ry = [ry 2.01567];
rx = [rx 0.798369];
ry = [ry 1.97182];
rx = [rx 0.83413];
ry = [ry 1.95941];
rx = [rx 0.737188];
ry = [ry 2.01133];
rx = [rx 0.788574];
ry = [ry 1.9919];
rx = [rx 0.76905];
ry = [ry 2.00517];
rx = [rx 0.775622];
ry = [ry 2.00684];
rx = [rx 0.848549];
ry = [ry 1.98276];
rx = [rx 0.699048];
ry = [ry 2.04407];
rx = [rx 0.666881];
ry = [ry 2.05818];
rx = [rx 0.770586];
ry = [ry 2.02592];
rx = [rx 0.77781];
ry = [ry 2.02779];
rx = [rx 0.809514];
ry = [ry 2.0227];
rx = [rx 0.656967];
ry = [ry 2.06937];
rx = [rx 0.74082];
ry = [ry 2.04978];
rx = [rx 0.777242];
ry = [ry 2.04455];
rx = [rx 0.726122];
ry = [ry 2.0598];
rx = [rx 0.725425];
ry = [ry 2.06303];
rx = [rx 0.713775];
ry = [ry 2.06821];
rx = [rx 0.755117];
ry = [ry 2.06423];
rx = [rx 0.647307];
ry = [ry 2.08362];
rx = [rx 0.714839];
ry = [ry 2.07651];
rx = [rx 0.771998];
ry = [ry 2.07295];
rx = [rx 0.729903];
ry = [ry 2.0807];
rx = [rx 0.781389];
ry = [ry 2.07982];
rx = [rx 0.697788];
ry = [ry 2.08867];
rx = [rx 0.663015];
ry = [ry 2.09257];
rx = [rx 0.660759];
ry = [ry 2.09448];
rx = [rx 0.680419];
ry = [ry 2.09618];
rx = [rx 0.695518];
ry = [ry 2.09851];
rx = [rx 0.664773];
ry = [ry 2.10006];
rx = [rx 0.704655];
ry = [ry 2.10379];
rx = [rx 0.726867];
ry = [ry 2.1078];
rx = [rx 0.653444];
ry = [ry 2.10482];
rx = [rx 0.758397];
ry = [ry 2.1169];
rx = [rx 0.73636];
ry = [ry 2.1179];
rx = [rx 0.683921];
ry = [ry 2.11405];
rx = [rx 0.720921];
ry = [ry 2.12194];
rx = [rx 0.699925];
ry = [ry 2.12132];
rx = [rx 0.689821];
ry = [ry 2.122];
rx = [rx 0.669577];
ry = [ry 2.12025];
rx = [rx 0.686647];
ry = [ry 2.12614];
rx = [rx 0.739855];
ry = [ry 2.14145];
rx = [rx 0.69679];
ry = [ry 2.1336];
rx = [rx 0.742882];
ry = [ry 2.14914];
rx = [rx 0.734329];
ry = [ry 2.15011];
rx = [rx 0.719616];
ry = [ry 2.14883];
rx = [rx 0.78521];
ry = [ry 2.17411];
rx = [rx 0.760314];
ry = [ry 2.16969];
rx = [rx 0.683095];
ry = [ry 2.14464];
rx = [rx 0.650202];
ry = [ry 2.13413];
rx = [rx 0.673447];
ry = [ry 2.14573];
rx = [rx 0.734793];
ry = [ry 2.175];
rx = [rx 0.704898];
ry = [ry 2.16502];
rx = [rx 0.675771];
ry = [ry 2.1542];
rx = [rx 0.671057];
ry = [ry 2.15442];
rx = [rx 0.722741];
ry = [ry 2.18401];
rx = [rx 0.625983];
ry = [ry 2.13489];
rx = [rx 0.730413];
ry = [ry 2.19591];
rx = [rx 0.662784];
ry = [ry 2.15991];
rx = [rx 0.730609];
ry = [ry 2.20424];
rx = [rx 0.715163];
ry = [ry 2.19858];
rx = [rx 0.647489];
ry = [ry 2.15749];
rx = [rx 0.705302];
ry = [ry 2.19976];
rx = [rx 0.686789];
ry = [ry 2.19037];
rx = [rx 0.628223];
ry = [ry 2.15029];
rx = [rx 0.70159];
ry = [ry 2.20885];
rx = [rx 0.689742];
ry = [ry 2.20347];
rx = [rx 0.704083];
ry = [ry 2.21922];
rx = [rx 0.656191];
ry = [ry 2.18251];
rx = [rx 0.696596];
ry = [ry 2.22151];
rx = [rx 0.665771];
ry = [ry 2.19757];
rx = [rx 0.723715];
ry = [ry 2.25641];
rx = [rx 0.718151];
ry = [ry 2.25658];
rx = [rx 0.689134];
ry = [ry 2.23258];
rx = [rx 0.628745];
ry = [ry 2.17345];
rx = [rx 0.658581];
ry = [ry 2.20889];
rx = [rx 0.657289];
ry = [ry 2.21143];
rx = [rx 0.642494];
ry = [ry 2.19813];
rx = [rx 0.680049];
