rx = [];
ry = [];
rx = [rx -0.419506];
ry = [ry 1.70218];
rx = [rx -0.499273];
ry = [ry 1.65343];
rx = [rx -0.463552];
ry = [ry 1.64633];
rx = [rx -0.41182];
ry = [ry 1.64696];
rx = [rx -0.456015];
ry = [ry 1.60806];
rx = [rx -0.422366];
ry = [ry 1.6022];
rx = [rx -0.37309];
ry = [ry 1.60483];
rx = [rx -0.426046];
ry = [ry 1.55865];
rx = [rx -0.460998];
ry = [ry 1.51911];
rx = [rx -0.405205];
ry = [ry 1.52653];
rx = [rx -0.383597];
ry = [ry 1.51685];
rx = [rx -0.43385];
ry = [ry 1.4657];
rx = [rx -0.369562];
ry = [ry 1.48145];
rx = [rx -0.460614];
ry = [ry 1.4015];
rx = [rx -0.457636];
ry = [ry 1.37837];
rx = [rx -0.428138];
ry = [ry 1.37292];
rx = [rx -0.428566];
ry = [ry 1.34718];
rx = [rx -0.379805];
ry = [ry 1.35694];
rx = [rx -0.294719];
ry = [ry 1.39637];
rx = [rx -0.377165];
ry = [ry 1.30745];
rx = [rx -0.332947];
ry = [ry 1.3169];
rx = [rx -0.312128];
ry = [ry 1.30832];
rx = [rx -0.355032];
ry = [ry 1.24418];
rx = [rx -0.315551];
ry = [ry 1.25156];
rx = [rx -0.328123];
ry = [ry 1.21148];
rx = [rx -0.219872];
ry = [ry 1.28763];
rx = [rx -0.299459];
ry = [ry 1.18027];
rx = [rx -0.282397];
ry = [ry 1.16746];
rx = [rx -0.224636];
ry = [ry 1.19892];
rx = [rx -0.212716];
ry = [ry 1.18215];
rx = [rx -0.0860709];
ry = [ry 1.29864];
rx = [rx -0.177352];
ry = [ry 1.16174];
rx = [rx -0.120998];
ry = [ry 1.20015];
rx = [rx -0.0567953];
ry = [ry 1.25244];
rx = [rx -0.0655428];
ry = [ry 1.21149];
rx = [rx 0.0118568];
ry = [ry 1.28825];
rx = [rx -0.0152601];
ry = [ry 1.22053];
rx = [rx 0.00990776];
ry = [ry 1.2268];
rx = [rx 0.0163112];
ry = [ry 1.20505];
rx = [rx 0.0622324];
ry = [ry 1.24637];
rx = [rx 0.0701681];
ry = [ry 1.2277];
rx = [rx 0.0702015];
ry = [ry 1.19431];
rx = [rx 0.130749];
ry = [ry 1.26947];
rx = [rx 0.126592];
ry = [ry 1.22839];
rx = [rx 0.166796];
ry = [ry 1.27262];
rx = [rx 0.150574];
ry = [ry 1.20412];
rx = [rx 0.161209];
ry = [ry 1.18833];
rx = [rx 0.185291];
ry = [ry 1.20234];
rx = [rx 0.209698];
ry = [ry 1.21918];
rx = [rx 0.21455];
ry = [ry 1.18916];
rx = [rx 0.234185];
ry = [ry 1.19574];
rx = [rx 0.246281];
ry = [ry 1.18259];
rx = [rx 0.276125];
ry = [ry 1.22106];
rx = [rx 0.29026];
ry = [ry 1.2155];
rx = [rx 0.3299];
ry = [ry 1.29498];
rx = [rx 0.304304];
ry = [ry 1.15327];
rx = [rx 0.342605];
ry = [ry 1.23583];
rx = [rx 0.361617];
ry = [ry 1.25232];
rx = [rx 0.384558];
ry = [ry 1.28955];
rx = [rx 0.403875];
ry = [ry 1.31638];
rx = [rx 0.4176];
ry = [ry 1.31923];
rx = [rx 0.42093];
ry = [ry 1.2622];
rx = [rx 0.44214];
ry = [ry 1.3095];
rx = [rx 0.443461];
ry = [ry 1.22224];
rx = [rx 0.46138];
ry = [ry 1.25092];
rx = [rx 0.476466];
ry = [ry 1.26187];
rx = [rx 0.498225];
ry = [ry 1.35974];
rx = [rx 0.506736];
ry = [ry 1.30541];
rx = [rx 0.52654];
ry = [ry 1.45271];
rx = [rx 0.532814];
ry = [ry 1.31395];
rx = [rx 0.545839];
ry = [ry 1.33809];
rx = [rx 0.558487];
ry = [ry 1.27954];
rx = [rx 0.568848];
ry = [ry 1.4082];
rx = [rx 0.582373];
ry = [ry 1.34854];
rx = [rx 0.592331];
ry = [ry 1.38647];
rx = [rx 0.606899];
ry = [ry 1.34619];
rx = [rx 0.61283];
ry = [ry 1.41408];
rx = [rx 0.616506];
ry = [ry 1.48107];
rx = [rx 0.645462];
ry = [ry 1.33332];
rx = [rx 0.63414];
ry = [ry 1.49699];
rx = [rx 0.63997];
ry = [ry 1.52099];
rx = [rx 0.657913];
ry = [ry 1.47408];
rx = [rx 0.672816];
ry = [ry 1.45112];
rx = [rx 0.683093];
ry = [ry 1.4535];
rx = [rx 0.680328];
ry = [ry 1.51091];
rx = [rx 0.696365];
ry = [ry 1.48673];
rx = [rx 0.691962];
ry = [ry 1.54074];
rx = [rx 0.726355];
ry = [ry 1.4557];
rx = [rx 0.717174];
ry = [ry 1.52104];
rx = [rx 0.734992];
ry = [ry 1.49763];
rx = [rx 0.739798];
ry = [ry 1.51425];
rx = [rx 0.728278];
ry = [ry 1.57354];
rx = [rx 0.729283];
ry = [ry 1.59502];
rx = [rx 0.740605];
ry = [ry 1.58958];
rx = [rx 0.689703];
ry = [ry 1.72926];
rx = [rx 0.753403];
ry = [ry 1.60285];
rx = [rx 0.723784];
ry = [ry 1.68518];
rx = [rx 0.782837];
ry = [ry 1.58144];
rx = [rx 0.738961];
ry = [ry 1.68596];
rx = [rx 0.733848];
ry = [ry 1.71025];
rx = [rx 0.766037];
ry = [ry 1.66645];
rx = [rx 0.756606];
ry = [ry 1.69752];
rx = [rx 0.759932];
ry = [ry 1.70552];
rx = [rx 0.737656];
ry = [ry 1.75364];
rx = [rx 0.738876];
ry = [ry 1.76269];
rx = [rx 0.823407];
ry = [ry 1.6493];
rx = [rx 0.743256];
ry = [ry 1.7768];
rx = [rx 0.747746];
ry = [ry 1.78033];
rx = [rx 0.756835];
ry = [ry 1.77782];
rx = [rx 0.817706];
ry = [ry 1.71022];
rx = [rx 0.79626];
ry = [ry 1.7481];
rx = [rx 0.718562];
ry = [ry 1.84994];
rx = [rx 0.766389];
ry = [ry 1.80227];
rx = [rx 0.789889];
ry = [ry 1.78479];
rx = [rx 0.783922];
ry = [ry 1.80002];
rx = [rx 0.826292];
ry = [ry 1.76501];
rx = [rx 0.787034];
ry = [ry 1.81338];
rx = [rx 0.738742];
ry = [ry 1.86739];
rx = [rx 0.804077];
ry = [ry 1.81322];
rx = [rx 0.804766];
ry = [ry 1.82055];
rx = [rx 0.735116];
ry = [ry 1.88812];
rx = [rx 0.710546];
ry = [ry 1.91391];
rx = [rx 0.812914];
ry = [ry 1.83652];
rx = [rx 0.727283];
ry = [ry 1.90995];
rx = [rx 0.76325];
ry = [ry 1.88792];
rx = [rx 0.69316];
ry = [ry 1.94384];
rx = [rx 0.77808];
ry = [ry 1.88873];
rx = [rx 0.811968];
ry = [ry 1.87186];
rx = [rx 0.72243];
ry = [ry 1.93571];
rx = [rx 0.770922];
ry = [ry 1.90989];
rx = [rx 0.753248];
ry = [ry 1.92554];
rx = [rx 0.759978];
ry = [ry 1.92636];
rx = [rx 0.829245];
ry = [ry 1.89319];
rx = [rx 0.688769];
ry = [ry 1.97304];
rx = [rx 0.658662];
ry = [ry 1.99113];
rx = [rx 0.757414];
ry = [ry 1.94593];
rx = [rx 0.764816];
ry = [ry 1.94686];
rx = [rx 0.795614];
ry = [ry 1.93777];
rx = [rx 0.650253];
ry = [ry 2.00349];
rx = [rx 0.730929];
ry = [ry 1.97338];
rx = [rx 0.766388];
ry = [ry 1.96355];
rx = [rx 0.717627];
ry = [ry 1.98519];
rx = [rx 0.717346];
ry = [ry 1.98848];
rx = [rx 0.706452];
ry = [ry 1.99511];
rx = [rx 0.74695];
ry = [ry 1.98589];
rx = [rx 0.642487];
ry = [ry 2.01885];
rx = [rx 0.708563];
ry = [ry 2.00321];
rx = [rx 0.764803];
ry = [ry 1.99239];
rx = [rx 0.724038];
ry = [ry 2.00544];
rx = [rx 0.774993];
ry = [ry 1.99801];
rx = [rx 0.6932];
ry = [ry 2.01743];
rx = [rx 0.659207];
ry = [ry 2.02573];
rx = [rx 0.657214];
ry = [ry 2.02792];
rx = [rx 0.676929];
ry = [ry 2.0271];
rx = [rx 0.692202];
ry = [ry 2.02749];
rx = [rx 0.661905];
ry = [ry 2.03294];
rx = [rx 0.701937];
ry = [ry 2.03156];
rx = [rx 0.724479];
ry = [ry 2.03271];
rx = [rx 0.651274];
ry = [ry 2.03911];
rx = [rx 0.756911];
ry = [ry 2.03772];
rx = [rx 0.735181];
ry = [ry 2.04151];
rx = [rx 0.682679];
ry = [ry 2.04438];
rx = [rx 0.720382];
ry = [ry 2.04749];
rx = [rx 0.699478];
ry = [ry 2.04955];
rx = [rx 0.689543];
ry = [ry 2.05151];
rx = [rx 0.669241];
ry = [ry 2.05235];
rx = [rx 0.686923];
ry = [ry 2.05602];
rx = [rx 0.741647];
ry = [ry 2.06443];
rx = [rx 0.697933];
ry = [ry 2.06213];
rx = [rx 0.745628];
ry = [ry 2.07167];
rx = [rx 0.737268];
ry = [ry 2.07372];
rx = [rx 0.722512];
ry = [ry 2.07432];
rx = [rx 0.790792];
ry = [ry 2.09104];
rx = [rx 0.765536];
ry = [ry 2.08984];
rx = [rx 0.685755];
ry = [ry 2.07482];
rx = [rx 0.651791];
ry = [ry 2.06858];
rx = [rx 0.676324];
ry = [ry 2.07713];
rx = [rx 0.740899];
ry = [ry 2.09835];
rx = [rx 0.709977];
ry = [ry 2.09226];
rx = [rx 0.679708];
ry = [ry 2.08524];
rx = [rx 0.675061];
ry = [ry 2.08605];
rx = [rx 0.730092];
ry = [ry 2.10882];
rx = [rx 0.627867];
ry = [ry 2.07243];
rx = [rx 0.739217];
ry = [ry 2.11965];
rx = [rx 0.667554];
ry = [ry 2.09255];
rx = [rx 0.740472];
ry = [ry 2.12788];
rx = [rx 0.724431];
ry = [ry 2.12424];
rx = [rx 0.652076];
ry = [ry 2.0921];
rx = [rx 0.714801];
ry = [ry 2.12666];
rx = [rx 0.695243];
ry = [ry 2.1197];
rx = [rx 0.63205];
ry = [ry 2.08741];
rx = [rx 0.712277];
ry = [ry 2.13615];
rx = [rx 0.69984];
ry = [ry 2.13232];
rx = [rx 0.71607];
ry = [ry 2.14612];
rx = [rx 0.663893];
ry = [ry 2.11581];
rx = [rx 0.708936];
ry = [ry 2.14934];
rx = [rx 0.675313];
ry = [ry 2.12952];
rx = [rx 0.740279];
ry = [ry 2.18051];
rx = [rx 0.734783];
ry = [ry 2.18139];
rx = [rx 0.702946];
ry = [ry 2.16128];
rx = [rx 0.635516];
ry = [ry 2.11031];
rx = [rx 0.669624];
ry = [ry 2.14167];
rx = [rx 0.668666];
ry = [ry 2.14435];
rx = [rx 0.652297];
ry = [ry 2.13304];
rx = [rx 0.695843];
