rx = [];
ry = [];
rx = [rx -0.365043];
ry = [ry 1.63357];
rx = [rx -0.437947];
ry = [ry 1.57505];
rx = [rx -0.401613];
ry = [ry 1.57256];
rx = [rx -0.350383];
ry = [ry 1.57978];
rx = [rx -0.38926];
ry = [ry 1.53556];
rx = [rx -0.355139];
ry = [ry 1.53404];
rx = [rx -0.3066];
ry = [ry 1.54293];
rx = [rx -0.35324];
ry = [ry 1.49038];
rx = [rx -0.382868];
ry = [ry 1.4467];
rx = [rx -0.328474];
ry = [ry 1.46117];
rx = [rx -0.30581];
ry = [ry 1.45433];
rx = [rx -0.349136];
ry = [ry 1.3972];
rx = [rx -0.287377];
ry = [ry 1.421];
rx = [rx -0.367498];
ry = [ry 1.3301];
rx = [rx -0.361598];
ry = [ry 1.30754];
rx = [rx -0.331647];
ry = [ry 1.3059];
rx = [rx -0.32879];
ry = [ry 1.28031];
rx = [rx -0.28167];
ry = [ry 1.2962];
rx = [rx -0.202304];
ry = [ry 1.34616];
rx = [rx -0.272746];
ry = [ry 1.24746];
rx = [rx -0.230092];
ry = [ry 1.26246];
rx = [rx -0.208349];
ry = [ry 1.2566];
rx = [rx -0.24273];
ry = [ry 1.18752];
rx = [rx -0.204512];
ry = [ry 1.19987];
rx = [rx -0.211873];
ry = [ry 1.15852];
rx = [rx -0.114209];
ry = [ry 1.24784];
rx = [rx -0.179466];
ry = [ry 1.13122];
rx = [rx -0.16091];
ry = [ry 1.12068];
rx = [rx -0.10763];
ry = [ry 1.15925];
rx = [rx -0.0936697];
ry = [ry 1.14414];
rx = [rx 0.0170975];
ry = [ry 1.27582];
rx = [rx -0.0559928];
ry = [ry 1.1284];
rx = [rx -0.00499306];
ry = [ry 1.17367];
rx = [rx 0.0520222];
ry = [ry 1.23372];
rx = [rx 0.0485654];
ry = [ry 1.19199];
rx = [rx 0.115551];
ry = [ry 1.27799];
rx = [rx 0.0972861];
ry = [ry 1.20736];
rx = [rx 0.12145];
ry = [ry 1.21679];
rx = [rx 0.130572];
ry = [ry 1.19603];
rx = [rx 0.170854];
ry = [ry 1.24287];
rx = [rx 0.181104];
ry = [ry 1.22536];
rx = [rx 0.185391];
ry = [ry 1.19225];
rx = [rx 0.235867];
ry = [ry 1.27451];
rx = [rx 0.23698];
ry = [ry 1.23323];
rx = [rx 0.271219];
ry = [ry 1.28223];
rx = [rx 0.263859];
ry = [ry 1.21222];
rx = [rx 0.27642];
ry = [ry 1.19791];
rx = [rx 0.298519];
ry = [ry 1.21488];
rx = [rx 0.320582];
ry = [ry 1.23469];
rx = [rx 0.329219];
ry = [ry 1.20554];
rx = [rx 0.347855];
ry = [ry 1.21457];
rx = [rx 0.361529];
ry = [ry 1.20307];
rx = [rx 0.386228];
ry = [ry 1.24502];
rx = [rx 0.400956];
ry = [ry 1.24131];
rx = [rx 0.430144];
ry = [ry 1.32519];
rx = [rx 0.422815];
ry = [ry 1.18138];
rx = [rx 0.450283];
ry = [ry 1.26814];
rx = [rx 0.467038];
ry = [ry 1.28693];
rx = [rx 0.485048];
ry = [ry 1.32678];
rx = [rx 0.500788];
ry = [ry 1.35585];
rx = [rx 0.514039];
ry = [ry 1.36042];
rx = [rx 0.524609];
ry = [ry 1.30428];
rx = [rx 0.539619];
ry = [ry 1.3539];
rx = [rx 0.552049];
ry = [ry 1.26751];
rx = [rx 0.566168];
ry = [ry 1.29824];
rx = [rx 0.579735];
ry = [ry 1.31103];
rx = [rx 0.588843];
ry = [ry 1.41088];
rx = [rx 0.60421];
ry = [ry 1.35807];
rx = [rx 0.605081];
ry = [ry 1.50669];
rx = [rx 0.628986];
ry = [ry 1.36986];
rx = [rx 0.638829];
ry = [ry 1.39547];
rx = [rx 0.658835];
ry = [ry 1.33901];
rx = [rx 0.652715];
ry = [ry 1.46794];
rx = [rx 0.673733];
ry = [ry 1.41049];
rx = [rx 0.678776];
ry = [ry 1.44938];
rx = [rx 0.698359];
ry = [ry 1.41129];
rx = [rx 0.69559];
ry = [ry 1.47937];
rx = [rx 0.690699];
ry = [ry 1.54629];
rx = [rx 0.738247];
ry = [ry 1.40344];
rx = [rx 0.706159];
ry = [ry 1.56433];
rx = [rx 0.708883];
ry = [ry 1.58888];
rx = [rx 0.732659];
ry = [ry 1.54463];
rx = [rx 0.750366];
ry = [ry 1.52376];
rx = [rx 0.760257];
ry = [ry 1.52742];
rx = [rx 0.750198];
ry = [ry 1.58402];
rx = [rx 0.769186];
ry = [ry 1.56208];
rx = [rx 0.757935];
ry = [ry 1.61509];
rx = [rx 0.802886];
ry = [ry 1.53513];
rx = [rx 0.785453];
ry = [ry 1.59876];
rx = [rx 0.806109];
ry = [ry 1.57781];
rx = [rx 0.808757];
ry = [ry 1.59492];
rx = [rx 0.789775];
ry = [ry 1.65225];
rx = [rx 0.788035];
ry = [ry 1.67368];
rx = [rx 0.799958];
ry = [ry 1.66973];
rx = [rx 0.73167];
ry = [ry 1.80178];
rx = [rx 0.81096];
ry = [ry 1.68453];
rx = [rx 0.771091];
ry = [ry 1.7624];
rx = [rx 0.842884];
ry = [ry 1.66703];
rx = [rx 0.786045];
ry = [ry 1.76511];
rx = [rx 0.777878];
ry = [ry 1.78855];
rx = [rx 0.815387];
ry = [ry 1.74921];
rx = [rx 0.802073];
ry = [ry 1.77883];
rx = [rx 0.804352];
ry = [ry 1.78719];
rx = [rx 0.776126];
ry = [ry 1.83207];
rx = [rx 0.776183];
ry = [ry 1.8412];
rx = [rx 0.874475];
ry = [ry 1.73951];
rx = [rx 0.778729];
ry = [ry 1.85576];
rx = [rx 0.782733];
ry = [ry 1.85983];
rx = [rx 0.792068];
ry = [ry 1.8585];
rx = [rx 0.861056];
ry = [ry 1.79921];
rx = [rx 0.834957];
ry = [ry 1.83405];
rx = [rx 0.744915];
ry = [ry 1.92516];
rx = [rx 0.798428];
ry = [ry 1.88397];
rx = [rx 0.823963];
ry = [ry 1.86963];
rx = [rx 0.816104];
ry = [ry 1.88398];
rx = [rx 0.86259];
ry = [ry 1.85465];
rx = [rx 0.817487];
ry = [ry 1.89763];
rx = [rx 0.762707];
ry = [ry 1.94504];
rx = [rx 0.834413];
ry = [ry 1.89963];
rx = [rx 0.834162];
ry = [ry 1.90699];
rx = [rx 0.756469];
ry = [ry 1.96514];
rx = [rx 0.728812];
ry = [ry 1.98759];
rx = [rx 0.840208];
ry = [ry 1.92387];
rx = [rx 0.745919];
ry = [ry 1.98579];
rx = [rx 0.784399];
ry = [ry 1.96853];
rx = [rx 0.707754];
ry = [ry 2.01506];
rx = [rx 0.799005];
ry = [ry 1.97122];
rx = [rx 0.834767];
ry = [ry 1.9588];
rx = [rx 0.737822];
ry = [ry 2.01072];
rx = [rx 0.789209];
ry = [ry 1.99129];
rx = [rx 0.769684];
ry = [ry 2.00456];
rx = [rx 0.776256];
ry = [ry 2.00623];
rx = [rx 0.849185];
ry = [ry 1.98216];
rx = [rx 0.699679];
ry = [ry 2.04346];
rx = [rx 0.667511];
ry = [ry 2.05757];
rx = [rx 0.771219];
ry = [ry 2.02531];
rx = [rx 0.778442];
ry = [ry 2.02718];
rx = [rx 0.810146];
ry = [ry 2.02209];
rx = [rx 0.657596];
ry = [ry 2.06875];
rx = [rx 0.741451];
ry = [ry 2.04917];
rx = [rx 0.777873];
ry = [ry 2.04394];
rx = [rx 0.726752];
ry = [ry 2.05919];
rx = [rx 0.726054];
ry = [ry 2.06242];
rx = [rx 0.714404];
ry = [ry 2.0676];
rx = [rx 0.755747];
ry = [ry 2.06362];
rx = [rx 0.647935];
ry = [ry 2.083];
rx = [rx 0.715467];
ry = [ry 2.0759];
rx = [rx 0.772626];
ry = [ry 2.07234];
rx = [rx 0.730531];
ry = [ry 2.08008];
rx = [rx 0.782017];
ry = [ry 2.07921];
rx = [rx 0.698415];
ry = [ry 2.08805];
rx = [rx 0.663642];
ry = [ry 2.09195];
rx = [rx 0.661386];
ry = [ry 2.09387];
rx = [rx 0.681046];
ry = [ry 2.09557];
rx = [rx 0.696144];
ry = [ry 2.0979];
rx = [rx 0.6654];
ry = [ry 2.09944];
rx = [rx 0.705281];
ry = [ry 2.10318];
rx = [rx 0.727493];
ry = [ry 2.10719];
rx = [rx 0.65407];
ry = [ry 2.10421];
rx = [rx 0.759022];
ry = [ry 2.11629];
rx = [rx 0.736985];
ry = [ry 2.11729];
rx = [rx 0.684547];
ry = [ry 2.11343];
rx = [rx 0.721546];
ry = [ry 2.12133];
rx = [rx 0.70055];
ry = [ry 2.12071];
rx = [rx 0.690446];
ry = [ry 2.12139];
rx = [rx 0.670202];
ry = [ry 2.11963];
rx = [rx 0.687272];
ry = [ry 2.12553];
rx = [rx 0.740478];
ry = [ry 2.14084];
rx = [rx 0.697414];
ry = [ry 2.13299];
rx = [rx 0.743504];
ry = [ry 2.14853];
rx = [rx 0.734952];
ry = [ry 2.1495];
rx = [rx 0.720239];
ry = [ry 2.14821];
rx = [rx 0.785831];
ry = [ry 2.1735];
rx = [rx 0.760935];
ry = [ry 2.16909];
rx = [rx 0.683719];
ry = [ry 2.14402];
rx = [rx 0.650826];
ry = [ry 2.13351];
rx = [rx 0.67407];
ry = [ry 2.14511];
rx = [rx 0.735414];
ry = [ry 2.17439];
rx = [rx 0.70552];
ry = [ry 2.16441];
rx = [rx 0.676393];
ry = [ry 2.15358];
rx = [rx 0.67168];
ry = [ry 2.1538];
rx = [rx 0.723361];
ry = [ry 2.1834];
rx = [rx 0.626607];
ry = [ry 2.13427];
rx = [rx 0.731032];
ry = [ry 2.1953];
rx = [rx 0.663407];
ry = [ry 2.15929];
rx = [rx 0.731228];
ry = [ry 2.20362];
rx = [rx 0.715782];
ry = [ry 2.19797];
rx = [rx 0.648111];
ry = [ry 2.15687];
rx = [rx 0.705921];
ry = [ry 2.19914];
rx = [rx 0.687409];
ry = [ry 2.18975];
rx = [rx 0.628846];
ry = [ry 2.14967];
rx = [rx 0.702209];
ry = [ry 2.20823];
rx = [rx 0.690361];
ry = [ry 2.20285];
rx = [rx 0.7047];
ry = [ry 2.2186];
rx = [rx 0.656811];
ry = [ry 2.1819];
rx = [rx 0.697213];
ry = [ry 2.22089];
rx = [rx 0.66639];
ry = [ry 2.19695];
rx = [rx 0.724329];
ry = [ry 2.2558];
rx = [rx 0.718766];
ry = [ry 2.25597];
rx = [rx 0.689751];
ry = [ry 2.23197];
rx = [rx 0.629366];
ry = [ry 2.17283];
rx = [rx 0.659199];
ry = [ry 2.20828];
rx = [rx 0.657907];
ry = [ry 2.21081];
rx = [rx 0.643113];
ry = [ry 2.19751];
rx = [rx 0.680664];
ry = [ry 2.24696];
