rx = [];
ry = [];
rx = [rx -0.373341];
ry = [ry 1.64511];
rx = [rx -0.447081];
ry = [ry 1.58765];
rx = [rx -0.410786];
ry = [ry 1.58464];
rx = [rx -0.359458];
ry = [ry 1.59112];
rx = [rx -0.398967];
ry = [ry 1.54747];
rx = [rx -0.364872];
ry = [ry 1.54545];
rx = [rx -0.31621];
ry = [ry 1.55364];
rx = [rx -0.363602];
ry = [ry 1.50177];
rx = [rx -0.393856];
ry = [ry 1.45852];
rx = [rx -0.33926];
ry = [ry 1.47221];
rx = [rx -0.316697];
ry = [ry 1.46504];
rx = [rx -0.360841];
ry = [ry 1.40854];
rx = [rx -0.298746];
ry = [ry 1.43145];
rx = [rx -0.380169];
ry = [ry 1.34171];
rx = [rx -0.374593];
ry = [ry 1.31907];
rx = [rx -0.344669];
ry = [ry 1.317];
rx = [rx -0.342182];
ry = [ry 1.29137];
rx = [rx -0.294837];
ry = [ry 1.30658];
rx = [rx -0.21476];
ry = [ry 1.35539];
rx = [rx -0.286617];
ry = [ry 1.25771];
rx = [rx -0.243751];
ry = [ry 1.2721];
rx = [rx -0.222094];
ry = [ry 1.26593];
rx = [rx -0.257468];
ry = [ry 1.19735];
rx = [rx -0.219075];
ry = [ry 1.20915];
rx = [rx -0.227032];
ry = [ry 1.16791];
rx = [rx -0.128091];
ry = [ry 1.25581];
rx = [rx -0.195022];
ry = [ry 1.14014];
rx = [rx -0.176619];
ry = [ry 1.12934];
rx = [rx -0.122788];
ry = [ry 1.16713];
rx = [rx -0.109048];
ry = [ry 1.15182];
rx = [rx 0.00360526];
ry = [ry 1.28189];
rx = [rx -0.0716016];
ry = [ry 1.13554];
rx = [rx -0.0199547];
ry = [ry 1.18008];
rx = [rx 0.0379199];
ry = [ry 1.2393];
rx = [rx 0.033862];
ry = [ry 1.19762];
rx = [rx 0.10208];
ry = [ry 1.28265];
rx = [rx 0.0827992];
ry = [ry 1.21229];
rx = [rx 0.107096];
ry = [ry 1.22137];
rx = [rx 0.115918];
ry = [ry 1.20048];
rx = [rx 0.156871];
ry = [ry 1.24673];
rx = [rx 0.166868];
ry = [ry 1.22908];
rx = [rx 0.170678];
ry = [ry 1.19591];
rx = [rx 0.222334];
ry = [ry 1.27743];
rx = [rx 0.222852];
ry = [ry 1.23614];
rx = [rx 0.257792];
ry = [ry 1.28465];
rx = [rx 0.249424];
ry = [ry 1.21475];
rx = [rx 0.261778];
ry = [ry 1.20026];
rx = [rx 0.28412];
ry = [ry 1.21691];
rx = [rx 0.306465];
ry = [ry 1.2364];
rx = [rx 0.314682];
ry = [ry 1.20712];
rx = [rx 0.333446];
ry = [ry 1.21588];
rx = [rx 0.346952];
ry = [ry 1.20419];
rx = [rx 0.372254];
ry = [ry 1.24578];
rx = [rx 0.386926];
ry = [ry 1.24186];
rx = [rx 0.41732];
ry = [ry 1.32531];
rx = [rx 0.40792];
ry = [ry 1.18162];
rx = [rx 0.436636];
ry = [ry 1.26797];
rx = [rx 0.45366];
ry = [ry 1.28652];
rx = [rx 0.472241];
ry = [ry 1.3261];
rx = [rx 0.488399];
ry = [ry 1.35494];
rx = [rx 0.501714];
ry = [ry 1.35933];
rx = [rx 0.511474];
ry = [ry 1.30304];
rx = [rx 0.527198];
ry = [ry 1.35243];
rx = [rx 0.538382];
ry = [ry 1.26588];
rx = [rx 0.552942];
ry = [ry 1.2964];
rx = [rx 0.566692];
ry = [ry 1.30899];
rx = [rx 0.577238];
ry = [ry 1.4087];
rx = [rx 0.591842];
ry = [ry 1.35568];
rx = [rx 0.594854];
ry = [ry 1.50427];
rx = [rx 0.616786];
ry = [ry 1.36711];
rx = [rx 0.626996];
ry = [ry 1.39257];
rx = [rx 0.646187];
ry = [ry 1.33583];
rx = [rx 0.641925];
ry = [ry 1.46484];
rx = [rx 0.662113];
ry = [ry 1.40709];
rx = [rx 0.667715];
ry = [ry 1.44591];
rx = [rx 0.686748];
ry = [ry 1.40753];
rx = [rx 0.684961];
ry = [ry 1.47565];
rx = [rx 0.681034];
ry = [ry 1.54263];
rx = [rx 0.726518];
ry = [ry 1.39911];
rx = [rx 0.696753];
ry = [ry 1.56045];
rx = [rx 0.69983];
ry = [ry 1.58495];
rx = [rx 0.722965];
ry = [ry 1.54037];
rx = [rx 0.74037];
ry = [ry 1.51925];
rx = [rx 0.750313];
ry = [ry 1.52277];
rx = [rx 0.74107];
ry = [ry 1.5795];
rx = [rx 0.75974];
ry = [ry 1.55728];
rx = [rx 0.749254];
ry = [ry 1.61046];
rx = [rx 0.793048];
ry = [ry 1.52985];
rx = [rx 0.776534];
ry = [ry 1.59373];
rx = [rx 0.796886];
ry = [ry 1.57249];
rx = [rx 0.79978];
ry = [ry 1.58955];
rx = [rx 0.781627];
ry = [ry 1.64715];
rx = [rx 0.780195];
ry = [ry 1.66861];
rx = [rx 0.79206];
ry = [ry 1.66448];
rx = [rx 0.725682];
ry = [ry 1.79751];
rx = [rx 0.803274];
ry = [ry 1.67912];
rx = [rx 0.764532];
ry = [ry 1.75756];
rx = [rx 0.834943];
ry = [ry 1.66117];
rx = [rx 0.779523];
ry = [ry 1.76005];
rx = [rx 0.771694];
ry = [ry 1.78361];
rx = [rx 0.808633];
ry = [ry 1.74373];
rx = [rx 0.795746];
ry = [ry 1.77354];
rx = [rx 0.798146];
ry = [ry 1.78187];
rx = [rx 0.77057];
ry = [ry 1.82715];
rx = [rx 0.770758];
ry = [ry 1.83628];
rx = [rx 0.867574];
ry = [ry 1.73318];
rx = [rx 0.773514];
ry = [ry 1.8508];
rx = [rx 0.777576];
ry = [ry 1.85482];
rx = [rx 0.786891];
ry = [ry 1.85335];
rx = [rx 0.855018];
ry = [ry 1.79307];
rx = [rx 0.829424];
ry = [ry 1.82829];
rx = [rx 0.740704];
ry = [ry 1.92068];
rx = [rx 0.793617];
ry = [ry 1.87872];
rx = [rx 0.818943];
ry = [ry 1.86402];
rx = [rx 0.811291];
ry = [ry 1.87848];
rx = [rx 0.85735];
ry = [ry 1.84848];
rx = [rx 0.812871];
ry = [ry 1.8921];
rx = [rx 0.75878];
ry = [ry 1.9403];
rx = [rx 0.829824];
ry = [ry 1.89387];
rx = [rx 0.829679];
ry = [ry 1.90123];
rx = [rx 0.752832];
ry = [ry 1.96049];
rx = [rx 0.725502];
ry = [ry 1.98333];
rx = [rx 0.835968];
ry = [ry 1.91802];
rx = [rx 0.74258];
ry = [ry 1.98129];
rx = [rx 0.780808];
ry = [ry 1.96347];
rx = [rx 0.704841];
ry = [ry 2.0111];
rx = [rx 0.795451];
ry = [ry 1.96595];
rx = [rx 0.83103];
ry = [ry 1.95303];
rx = [rx 0.734843];
ry = [ry 2.00634];
rx = [rx 0.785946];
ry = [ry 1.98617];
rx = [rx 0.766614];
ry = [ry 1.99972];
rx = [rx 0.773209];
ry = [ry 2.00129];
rx = [rx 0.845783];
ry = [ry 1.97617];
rx = [rx 0.697176];
ry = [ry 2.03962];
rx = [rx 0.665215];
ry = [ry 2.05419];
rx = [rx 0.768447];
ry = [ry 2.02044];
rx = [rx 0.775696];
ry = [ry 2.02221];
rx = [rx 0.807324];
ry = [ry 2.01667];
rx = [rx 0.655462];
ry = [ry 2.06551];
rx = [rx 0.739026];
ry = [ry 2.04473];
rx = [rx 0.775369];
ry = [ry 2.03897];
rx = [rx 0.724473];
ry = [ry 2.05495];
rx = [rx 0.723822];
ry = [ry 2.05819];
rx = [rx 0.712248];
ry = [ry 2.06355];
rx = [rx 0.753529];
ry = [ry 2.05897];
rx = [rx 0.646007];
ry = [ry 2.0799];
rx = [rx 0.71343];
ry = [ry 2.07183];
rx = [rx 0.770532];
ry = [ry 2.06745];
rx = [rx 0.728553];
ry = [ry 2.0758];
rx = [rx 0.780021];
ry = [ry 2.07418];
rx = [rx 0.696555];
ry = [ry 2.08423];
rx = [rx 0.661842];
ry = [ry 2.08863];
rx = [rx 0.659614];
ry = [ry 2.09057];
rx = [rx 0.679296];
ry = [ry 2.09199];
rx = [rx 0.694427];
ry = [ry 2.09411];
rx = [rx 0.663708];
ry = [ry 2.09609];
rx = [rx 0.703639];
ry = [ry 2.09925];
rx = [rx 0.725906];
ry = [ry 2.10294];
rx = [rx 0.652447];
ry = [ry 2.10102];
rx = [rx 0.757563];
ry = [ry 2.11159];
rx = [rx 0.735543];
ry = [ry 2.1129];
rx = [rx 0.683054];
ry = [ry 2.10981];
rx = [rx 0.720163];
ry = [ry 2.11717];
rx = [rx 0.69916];
ry = [ry 2.11685];
rx = [rx 0.689067];
ry = [ry 2.11767];
rx = [rx 0.6688];
ry = [ry 2.11621];
rx = [rx 0.685953];
ry = [ry 2.12186];
rx = [rx 0.739374];
ry = [ry 2.1364];
rx = [rx 0.696202];
ry = [ry 2.12917];
rx = [rx 0.742511];
ry = [ry 2.14405];
rx = [rx 0.733974];
ry = [ry 2.14514];
rx = [rx 0.719243];
ry = [ry 2.14407];
rx = [rx 0.785194];
ry = [ry 2.16841];
rx = [rx 0.760236];
ry = [ry 2.16435];
rx = [rx 0.682667];
ry = [ry 2.1404];
rx = [rx 0.649626];
ry = [ry 2.13036];
rx = [rx 0.673035];
ry = [ry 2.14163];
rx = [rx 0.734794];
ry = [ry 2.17002];
rx = [rx 0.704759];
ry = [ry 2.16047];
rx = [rx 0.67548];
ry = [ry 2.15007];
rx = [rx 0.67077];
ry = [ry 2.15035];
rx = [rx 0.722872];
ry = [ry 2.1792];
rx = [rx 0.625421];
ry = [ry 2.13148];
rx = [rx 0.730714];
ry = [ry 2.19099];
rx = [rx 0.662577];
ry = [ry 2.15596];
rx = [rx 0.73103];
ry = [ry 2.19931];
rx = [rx 0.715504];
ry = [ry 2.19388];
rx = [rx 0.647248];
ry = [ry 2.15377];
rx = [rx 0.705661];
ry = [ry 2.1952];
rx = [rx 0.687015];
ry = [ry 2.18607];
rx = [rx 0.627881];
ry = [ry 2.14684];
rx = [rx 0.70208];
ry = [ry 2.20434];
rx = [rx 0.690156];
ry = [ry 2.19913];
rx = [rx 0.704721];
ry = [ry 2.21467];
rx = [rx 0.656307];
ry = [ry 2.17866];
rx = [rx 0.697268];
ry = [ry 2.21707];
rx = [rx 0.666103];
ry = [ry 2.19357];
rx = [rx 0.724884];
ry = [ry 2.25158];
rx = [rx 0.719323];
ry = [ry 2.25184];
rx = [rx 0.689966];
ry = [ry 2.22825];
rx = [rx 0.628735];
ry = [ry 2.16999];
rx = [rx 0.659076];
ry = [ry 2.205];
rx = [rx 0.65782];
ry = [ry 2.20756];
rx = [rx 0.642836];
ry = [ry 2.19447];
rx = [rx 0.681096];
