rx = [];
ry = [];
rx = [rx -0.434188];
ry = [ry 1.71921];
rx = [rx -0.513167];
ry = [ry 1.66919];
rx = [rx -0.477338];
ry = [ry 1.66266];
rx = [rx -0.425623];
ry = [ry 1.66412];
rx = [rx -0.469192];
ry = [ry 1.62452];
rx = [rx -0.435454];
ry = [ry 1.6192];
rx = [rx -0.386226];
ry = [ry 1.62261];
rx = [rx -0.43844];
ry = [ry 1.57559];
rx = [rx -0.472758];
ry = [ry 1.5355];
rx = [rx -0.417089];
ry = [ry 1.54381];
rx = [rx -0.39533];
ry = [ry 1.53448];
rx = [rx -0.444762];
ry = [ry 1.48254];
rx = [rx -0.380732];
ry = [ry 1.4993];
rx = [rx -0.470499];
ry = [ry 1.41791];
rx = [rx -0.467153];
ry = [ry 1.39484];
rx = [rx -0.437572];
ry = [ry 1.38986];
rx = [rx -0.43759];
ry = [ry 1.36411];
rx = [rx -0.38899];
ry = [ry 1.37465];
rx = [rx -0.304544];
ry = [ry 1.41543];
rx = [rx -0.385562];
ry = [ry 1.32521];
rx = [rx -0.3415];
ry = [ry 1.33536];
rx = [rx -0.320547];
ry = [ry 1.32711];
rx = [rx -0.362424];
ry = [ry 1.2623];
rx = [rx -0.323066];
ry = [ry 1.27031];
rx = [rx -0.334996];
ry = [ry 1.23003];
rx = [rx -0.227973];
ry = [ry 1.30789];
rx = [rx -0.30584];
ry = [ry 1.19928];
rx = [rx -0.288575];
ry = [ry 1.18674];
rx = [rx -0.231323];
ry = [ry 1.21912];
rx = [rx -0.219137];
ry = [ry 1.20255];
rx = [rx -0.0943646];
ry = [ry 1.32104];
rx = [rx -0.183452];
ry = [ry 1.1827];
rx = [rx -0.127718];
ry = [ry 1.222];
rx = [rx -0.0643565];
ry = [ry 1.27531];
rx = [rx -0.0724502];
ry = [ry 1.23422];
rx = [rx 0.0037163];
ry = [ry 1.31221];
rx = [rx -0.0223179];
ry = [ry 1.24406];
rx = [rx 0.00274681];
ry = [ry 1.25073];
rx = [rx 0.00949597];
ry = [ry 1.22909];
rx = [rx 0.054753];
ry = [ry 1.27113];
rx = [rx 0.0629851];
ry = [ry 1.25259];
rx = [rx 0.0635505];
ry = [ry 1.21921];
rx = [rx 0.122893];
ry = [ry 1.29532];
rx = [rx 0.119391];
ry = [ry 1.25418];
rx = [rx 0.158885];
ry = [ry 1.29905];
rx = [rx 0.143756];
ry = [ry 1.2303];
rx = [rx 0.154642];
ry = [ry 1.21468];
rx = [rx 0.178498];
ry = [ry 1.22908];
rx = [rx 0.202633];
ry = [ry 1.2463];
rx = [rx 0.207963];
ry = [ry 1.21636];
rx = [rx 0.22749];
ry = [ry 1.22326];
rx = [rx 0.239794];
ry = [ry 1.2103];
rx = [rx 0.269022];
ry = [ry 1.24923];
rx = [rx 0.283244];
ry = [ry 1.24391];
rx = [rx 0.321612];
ry = [ry 1.32401];
rx = [rx 0.298277];
ry = [ry 1.18191];
rx = [rx 0.335258];
ry = [ry 1.26506];
rx = [rx 0.354005];
ry = [ry 1.28186];
rx = [rx 0.376349];
ry = [ry 1.31945];
rx = [rx 0.395236];
ry = [ry 1.34658];
rx = [rx 0.408915];
ry = [ry 1.34965];
rx = [rx 0.413152];
ry = [ry 1.29268];
rx = [rx 0.433607];
ry = [ry 1.34031];
rx = [rx 0.436317];
ry = [ry 1.25308];
rx = [rx 0.453778];
ry = [ry 1.28204];
rx = [rx 0.468687];
ry = [ry 1.29323];
rx = [rx 0.488883];
ry = [ry 1.39144];
rx = [rx 0.49826];
ry = [ry 1.33725];
rx = [rx 0.515713];
ry = [ry 1.48484];
rx = [rx 0.524198];
ry = [ry 1.3462];
rx = [rx 0.536837];
ry = [ry 1.37055];
rx = [rx 0.550416];
ry = [ry 1.31221];
rx = [rx 0.558725];
ry = [ry 1.44102];
rx = [rx 0.5732];
ry = [ry 1.38158];
rx = [rx 0.582551];
ry = [ry 1.41967];
rx = [rx 0.59776];
ry = [ry 1.37963];
rx = [rx 0.602608];
ry = [ry 1.4476];
rx = [rx 0.605216];
ry = [ry 1.51464];
rx = [rx 0.636522];
ry = [ry 1.36737];
rx = [rx 0.622594];
ry = [ry 1.53084];
rx = [rx 0.62804];
ry = [ry 1.55493];
rx = [rx 0.646729];
ry = [ry 1.50831];
rx = [rx 0.661996];
ry = [ry 1.48559];
rx = [rx 0.672234];
ry = [ry 1.48813];
rx = [rx 0.668554];
ry = [ry 1.54549];
rx = [rx 0.684975];
ry = [ry 1.52157];
rx = [rx 0.679711];
ry = [ry 1.57551];
rx = [rx 0.715456];
ry = [ry 1.49102];
rx = [rx 0.705234];
ry = [ry 1.5562];
rx = [rx 0.723423];
ry = [ry 1.53308];
rx = [rx 0.727964];
ry = [ry 1.54978];
rx = [rx 0.7155];
ry = [ry 1.60888];
rx = [rx 0.716163];
ry = [ry 1.63037];
rx = [rx 0.72757];
ry = [ry 1.62511];
rx = [rx 0.674448];
ry = [ry 1.76396];
rx = [rx 0.740155];
ry = [ry 1.63859];
rx = [rx 0.709228];
ry = [ry 1.72043];
rx = [rx 0.769927];
ry = [ry 1.61764];
rx = [rx 0.72439];
ry = [ry 1.72145];
rx = [rx 0.71889];
ry = [ry 1.74566];
rx = [rx 0.751774];
ry = [ry 1.70237];
rx = [rx 0.741849];
ry = [ry 1.7333];
rx = [rx 0.745047];
ry = [ry 1.74135];
rx = [rx 0.722007];
ry = [ry 1.7891];
rx = [rx 0.723082];
ry = [ry 1.79817];
rx = [rx 0.80941];
ry = [ry 1.68614];
rx = [rx 0.727238];
ry = [ry 1.81235];
rx = [rx 0.731671];
ry = [ry 1.81595];
rx = [rx 0.740799];
ry = [ry 1.81358];
rx = [rx 0.802739];
ry = [ry 1.74697];
rx = [rx 0.780692];
ry = [ry 1.7845];
rx = [rx 0.701381];
ry = [ry 1.88509];
rx = [rx 0.749961];
ry = [ry 1.83818];
rx = [rx 0.773737];
ry = [ry 1.82109];
rx = [rx 0.767528];
ry = [ry 1.83622];
rx = [rx 0.81045];
ry = [ry 1.80189];
rx = [rx 0.770426];
ry = [ry 1.84963];
rx = [rx 0.721281];
ry = [ry 1.90286];
rx = [rx 0.78747];
ry = [ry 1.84973];
rx = [rx 0.788042];
ry = [ry 1.85707];
rx = [rx 0.717324];
ry = [ry 1.92353];
rx = [rx 0.692346];
ry = [ry 1.94892];
rx = [rx 0.795935];
ry = [ry 1.87317];
rx = [rx 0.709145];
ry = [ry 1.94523];
rx = [rx 0.745458];
ry = [ry 1.92378];
rx = [rx 0.674485];
ry = [ry 1.97857];
rx = [rx 0.760273];
ry = [ry 1.92482];
rx = [rx 0.794426];
ry = [ry 1.9085];
rx = [rx 0.703881];
ry = [ry 1.97091];
rx = [rx 0.752779];
ry = [ry 1.94587];
rx = [rx 0.734857];
ry = [ry 1.96124];
rx = [rx 0.741574];
ry = [ry 1.96216];
rx = [rx 0.811361];
ry = [ry 1.9301];
rx = [rx 0.66963];
ry = [ry 2.0077];
rx = [rx 0.639238];
ry = [ry 2.02531];
rx = [rx 0.738698];
ry = [ry 1.98168];
rx = [rx 0.746085];
ry = [ry 1.98273];
rx = [rx 0.777023];
ry = [ry 1.97414];
rx = [rx 0.630633];
ry = [ry 2.03753];
rx = [rx 0.711779];
ry = [ry 2.00871];
rx = [rx 0.74739];
ry = [ry 1.99945];
rx = [rx 0.69829];
ry = [ry 2.02031];
rx = [rx 0.697958];
ry = [ry 2.0236];
rx = [rx 0.686959];
ry = [ry 2.03005];
rx = [rx 0.727599];
ry = [ry 2.02148];
rx = [rx 0.622623];
ry = [ry 2.05277];
rx = [rx 0.688941];
ry = [ry 2.03818];
rx = [rx 0.745346];
ry = [ry 2.02826];
rx = [rx 0.704378];
ry = [ry 2.04065];
rx = [rx 0.755445];
ry = [ry 2.03404];
rx = [rx 0.673353];
ry = [ry 2.05216];
rx = [rx 0.639232];
ry = [ry 2.05991];
rx = [rx 0.637204];
ry = [ry 2.06207];
rx = [rx 0.65693];
ry = [ry 2.06156];
rx = [rx 0.672195];
ry = [ry 2.06219];
rx = [rx 0.641815];
ry = [ry 2.06716];
rx = [rx 0.681864];
ry = [ry 2.06642];
rx = [rx 0.704384];
ry = [ry 2.06793];
rx = [rx 0.631087];
ry = [ry 2.07316];
rx = [rx 0.736733];
ry = [ry 2.07345];
rx = [rx 0.714945];
ry = [ry 2.0769];
rx = [rx 0.662404];
ry = [ry 2.07893];
rx = [rx 0.700053];
ry = [ry 2.08265];
rx = [rx 0.679118];
ry = [ry 2.08437];
rx = [rx 0.669153];
ry = [ry 2.08617];
rx = [rx 0.64884];
ry = [ry 2.08669];
rx = [rx 0.666461];
ry = [ry 2.09064];
rx = [rx 0.721045];
ry = [ry 2.09992];
rx = [rx 0.677373];
ry = [ry 2.09692];
rx = [rx 0.72491];
ry = [ry 2.10722];
rx = [rx 0.716519];
ry = [ry 2.10914];
rx = [rx 0.701754];
ry = [ry 2.10951];
rx = [rx 0.76976];
ry = [ry 2.12731];
rx = [rx 0.744526];
ry = [ry 2.1257];
rx = [rx 0.664995];
ry = [ry 2.10942];
rx = [rx 0.631134];
ry = [ry 2.10264];
rx = [rx 0.655528];
ry = [ry 2.11158];
rx = [rx 0.719756];
ry = [ry 2.13382];
rx = [rx 0.688935];
ry = [ry 2.12724];
rx = [rx 0.658782];
ry = [ry 2.11974];
rx = [rx 0.654123];
ry = [ry 2.12048];
rx = [rx 0.708784];
ry = [ry 2.14412];
rx = [rx 0.607152];
ry = [ry 2.1061];
rx = [rx 0.717736];
ry = [ry 2.15509];
rx = [rx 0.646514];
ry = [ry 2.12686];
rx = [rx 0.718859];
ry = [ry 2.16334];
rx = [rx 0.702878];
ry = [ry 2.15944];
rx = [rx 0.631044];
ry = [ry 2.12616];
rx = [rx 0.69321];
ry = [ry 2.16172];
rx = [rx 0.673766];
ry = [ry 2.15445];
rx = [rx 0.611095];
ry = [ry 2.12115];
rx = [rx 0.690536];
ry = [ry 2.17116];
rx = [rx 0.678162];
ry = [ry 2.16714];
rx = [rx 0.694169];
ry = [ry 2.18119];
rx = [rx 0.642482];
ry = [ry 2.15006];
rx = [rx 0.686985];
ry = [ry 2.1843];
rx = [rx 0.653682];
ry = [ry 2.16395];
rx = [rx 0.717828];
ry = [ry 2.21596];
rx = [rx 0.712318];
ry = [ry 2.21676];
rx = [rx 0.680805];
ry = [ry 2.19614];
rx = [rx 0.614196];
ry = [ry 2.14411];
rx = [rx 0.6478];
ry = [ry 2.17601];
rx = [rx 0.646799];
ry = [ry 2.17867];
rx = [rx 0.630613];
ry = [ry 2.1671];
rx = [rx 0.673448];
