rx = [];
ry = [];
rx = [rx -0.413579];
ry = [ry 1.68787];
rx = [rx -0.490761];
ry = [ry 1.63513];
rx = [rx -0.454726];
ry = [ry 1.62985];
rx = [rx -0.403093];
ry = [ry 1.63312];
rx = [rx -0.445251];
ry = [ry 1.59201];
rx = [rx -0.411348];
ry = [ry 1.58788];
rx = [rx -0.362269];
ry = [ry 1.59301];
rx = [rx -0.412807];
ry = [ry 1.5442];
rx = [rx -0.445702];
ry = [ry 1.50292];
rx = [rx -0.390358];
ry = [ry 1.51317];
rx = [rx -0.368286];
ry = [ry 1.50461];
rx = [rx -0.415872];
ry = [ry 1.45097];
rx = [rx -0.352468];
ry = [ry 1.46997];
rx = [rx -0.439334];
ry = [ry 1.38549];
rx = [rx -0.435183];
ry = [ry 1.36254];
rx = [rx -0.405447];
ry = [ry 1.3586];
rx = [rx -0.404564];
ry = [ry 1.33287];
rx = [rx -0.356362];
ry = [ry 1.3451];
rx = [rx -0.273394];
ry = [ry 1.38881];
rx = [rx -0.351209];
ry = [ry 1.29581];
rx = [rx -0.307528];
ry = [ry 1.30749];
rx = [rx -0.286299];
ry = [ry 1.29998];
rx = [rx -0.325885];
ry = [ry 1.23375];
rx = [rx -0.28683];
ry = [ry 1.24313];
rx = [rx -0.297346];
ry = [ry 1.20246];
rx = [rx -0.19311];
ry = [ry 1.28402];
rx = [rx -0.267132];
ry = [ry 1.17275];
rx = [rx -0.249439];
ry = [ry 1.16082];
rx = [rx -0.193355];
ry = [ry 1.19518];
rx = [rx -0.180597];
ry = [ry 1.17904];
rx = [rx -0.060043];
ry = [ry 1.30183];
rx = [rx -0.14424];
ry = [ry 1.16046];
rx = [rx -0.0899134];
ry = [ry 1.20168];
rx = [rx -0.0284545];
ry = [ry 1.25717];
rx = [rx -0.0351067];
ry = [ry 1.21582];
rx = [rx 0.0382867];
ry = [ry 1.29643];
rx = [rx 0.0146509];
ry = [ry 1.22741];
rx = [rx 0.0394671];
ry = [ry 1.23496];
rx = [rx 0.0469687];
ry = [ry 1.21356];
rx = [rx 0.0907282];
ry = [ry 1.25716];
rx = [rx 0.0996035];
ry = [ry 1.23892];
rx = [rx 0.101336];
ry = [ry 1.20558];
rx = [rx 0.15798];
ry = [ry 1.28372];
rx = [rx 0.15592];
ry = [ry 1.24248];
rx = [rx 0.19382];
ry = [ry 1.28871];
rx = [rx 0.181105];
ry = [ry 1.21946];
rx = [rx 0.19253];
ry = [ry 1.20423];
rx = [rx 0.215868];
ry = [ry 1.21946];
rx = [rx 0.239386];
ry = [ry 1.23751];
rx = [rx 0.245759];
ry = [ry 1.20778];
rx = [rx 0.265034];
ry = [ry 1.21535];
rx = [rx 0.277783];
ry = [ry 1.20284];
rx = [rx 0.305632];
ry = [ry 1.24277];
rx = [rx 0.320031];
ry = [ry 1.23794];
rx = [rx 0.355576];
ry = [ry 1.31933];
rx = [rx 0.337223];
ry = [ry 1.1765];
rx = [rx 0.371274];
ry = [ry 1.2609];
rx = [rx 0.389422];
ry = [ry 1.27834];
rx = [rx 0.410439];
ry = [ry 1.31669];
rx = [rx 0.428366];
ry = [ry 1.34447];
rx = [rx 0.441929];
ry = [ry 1.34801];
rx = [rx 0.448155];
ry = [ry 1.29122];
rx = [rx 0.466932];
ry = [ry 1.33954];
rx = [rx 0.472691];
ry = [ry 1.25246];
rx = [rx 0.489128];
ry = [ry 1.28201];
rx = [rx 0.503637];
ry = [ry 1.29372];
rx = [rx 0.520387];
ry = [ry 1.39258];
rx = [rx 0.531652];
ry = [ry 1.33875];
rx = [rx 0.543935];
ry = [ry 1.48686];
rx = [rx 0.557262];
ry = [ry 1.3486];
rx = [rx 0.569042];
ry = [ry 1.37337];
rx = [rx 0.584652];
ry = [ry 1.31554];
rx = [rx 0.588453];
ry = [ry 1.44457];
rx = [rx 0.604997];
ry = [ry 1.38567];
rx = [rx 0.613011];
ry = [ry 1.42406];
rx = [rx 0.62961];
ry = [ry 1.38457];
rx = [rx 0.63208];
ry = [ry 1.45267];
rx = [rx 0.632342];
ry = [ry 1.51976];
rx = [rx 0.668777];
ry = [ry 1.37368];
rx = [rx 0.649142];
ry = [ry 1.53657];
rx = [rx 0.653744];
ry = [ry 1.56083];
rx = [rx 0.674051];
ry = [ry 1.51489];
rx = [rx 0.690103];
ry = [ry 1.49272];
rx = [rx 0.700245];
ry = [ry 1.49561];
rx = [rx 0.694563];
ry = [ry 1.55281];
rx = [rx 0.711809];
ry = [ry 1.52948];
rx = [rx 0.704663];
ry = [ry 1.5832];
rx = [rx 0.74334];
ry = [ry 1.50002];
rx = [rx 0.730845];
ry = [ry 1.5648];
rx = [rx 0.749832];
ry = [ry 1.54233];
rx = [rx 0.753786];
ry = [ry 1.55918];
rx = [rx 0.739264];
ry = [ry 1.6178];
rx = [rx 0.739175];
ry = [ry 1.63931];
rx = [rx 0.750759];
ry = [ry 1.63445];
rx = [rx 0.692815];
ry = [ry 1.77136];
rx = [rx 0.762865];
ry = [ry 1.64836];
rx = [rx 0.729095];
ry = [ry 1.72907];
rx = [rx 0.793351];
ry = [ry 1.62846];
rx = [rx 0.744213];
ry = [ry 1.73061];
rx = [rx 0.73787];
ry = [ry 1.75462];
rx = [rx 0.772247];
ry = [ry 1.71251];
rx = [rx 0.761247];
ry = [ry 1.74307];
rx = [rx 0.764161];
ry = [ry 1.75122];
rx = [rx 0.739466];
ry = [ry 1.79814];
rx = [rx 0.740224];
ry = [ry 1.80724];
rx = [rx 0.830415];
ry = [ry 1.6983];
rx = [rx 0.743881];
ry = [ry 1.82156];
rx = [rx 0.748185];
ry = [ry 1.82531];
rx = [rx 0.75739];
ry = [ry 1.82327];
rx = [rx 0.821621];
ry = [ry 1.75886];
rx = [rx 0.798275];
ry = [ry 1.7956];
rx = [rx 0.715497];
ry = [ry 1.89335];
rx = [rx 0.765687];
ry = [ry 1.84817];
rx = [rx 0.790046];
ry = [ry 1.83192];
rx = [rx 0.783312];
ry = [ry 1.84682];
rx = [rx 0.827408];
ry = [ry 1.81401];
rx = [rx 0.78574];
ry = [ry 1.86032];
rx = [rx 0.734763];
ry = [ry 1.91181];
rx = [rx 0.802769];
ry = [ry 1.86103];
rx = [rx 0.803084];
ry = [ry 1.86838];
rx = [rx 0.730087];
ry = [ry 1.93232];
rx = [rx 0.704236];
ry = [ry 1.95683];
rx = [rx 0.810409];
ry = [ry 1.88475];
rx = [rx 0.721154];
ry = [ry 1.95372];
rx = [rx 0.758194];
ry = [ry 1.93356];
rx = [rx 0.685349];
ry = [ry 1.98584];
rx = [rx 0.772964];
ry = [ry 1.93512];
rx = [rx 0.807667];
ry = [ry 1.92];
rx = [rx 0.714995];
ry = [ry 1.97921];
rx = [rx 0.764739];
ry = [ry 1.95589];
rx = [rx 0.746291];
ry = [ry 1.97062];
rx = [rx 0.752971];
ry = [ry 1.97178];
rx = [rx 0.823836];
ry = [ry 1.94217];
rx = [rx 0.679479];
ry = [ry 2.01477];
rx = [rx 0.64849];
ry = [ry 2.03131];
rx = [rx 0.749414];
ry = [ry 1.99119];
rx = [rx 0.75676];
ry = [ry 1.9925];
rx = [rx 0.78798];
ry = [ry 1.98499];
rx = [rx 0.639463];
ry = [ry 2.04322];
rx = [rx 0.721567];
ry = [ry 2.01726];
rx = [rx 0.75748];
ry = [ry 2.00925];
rx = [rx 0.707681];
ry = [ry 2.02838];
rx = [rx 0.707233];
ry = [ry 2.03165];
rx = [rx 0.696016];
ry = [ry 2.03772];
rx = [rx 0.73693];
ry = [ry 2.03057];
rx = [rx 0.630925];
ry = [ry 2.05817];
rx = [rx 0.697713];
ry = [ry 2.04591];
rx = [rx 0.75443];
ry = [ry 2.03797];
rx = [rx 0.713053];
ry = [ry 2.04892];
rx = [rx 0.764321];
ry = [ry 2.0441];
rx = [rx 0.681645];
ry = [ry 2.05934];
rx = [rx 0.647274];
ry = [ry 2.06589];
rx = [rx 0.645172];
ry = [ry 2.06798];
rx = [rx 0.664903];
ry = [ry 2.06816];
rx = [rx 0.680137];
ry = [ry 2.06933];
rx = [rx 0.649602];
ry = [ry 2.07323];
rx = [rx 0.689652];
ry = [ry 2.07389];
rx = [rx 0.712106];
ry = [ry 2.07618];
rx = [rx 0.638671];
ry = [ry 2.07885];
rx = [rx 0.744242];
ry = [ry 2.08284];
rx = [rx 0.722346];
ry = [ry 2.08552];
rx = [rx 0.669767];
ry = [ry 2.08571];
rx = [rx 0.707263];
ry = [ry 2.09074];
rx = [rx 0.686281];
ry = [ry 2.09173];
rx = [rx 0.676259];
ry = [ry 2.09318];
rx = [rx 0.65594];
ry = [ry 2.09299];
rx = [rx 0.673412];
ry = [ry 2.09756];
rx = [rx 0.727638];
ry = [ry 2.10874];
rx = [rx 0.684098];
ry = [ry 2.10422];
rx = [rx 0.731245];
ry = [ry 2.11617];
rx = [rx 0.722793];
ry = [ry 2.11779];
rx = [rx 0.708024];
ry = [ry 2.11764];
rx = [rx 0.775365];
ry = [ry 2.13782];
rx = [rx 0.750204];
ry = [ry 2.13533];
rx = [rx 0.67129];
ry = [ry 2.11627];
rx = [rx 0.637687];
ry = [ry 2.10831];
rx = [rx 0.661754];
ry = [ry 2.1181];
rx = [rx 0.725165];
ry = [ry 2.14257];
rx = [rx 0.694593];
ry = [ry 2.13492];
rx = [rx 0.664721];
ry = [ry 2.12636];
rx = [rx 0.660038];
ry = [ry 2.12694];
rx = [rx 0.71384];
ry = [ry 2.15248];
rx = [rx 0.613599];
ry = [ry 2.11094];
rx = [rx 0.722402];
ry = [ry 2.16376];
rx = [rx 0.652211];
ry = [ry 2.13305];
rx = [rx 0.723236];
ry = [ry 2.17204];
rx = [rx 0.707402];
ry = [ry 2.16759];
rx = [rx 0.636775];
ry = [ry 2.13182];
rx = [rx 0.69766];
ry = [ry 2.16952];
rx = [rx 0.678481];
ry = [ry 2.16158];
rx = [rx 0.617013];
ry = [ry 2.12611];
rx = [rx 0.694657];
ry = [ry 2.17887];
rx = [rx 0.682431];
ry = [ry 2.17441];
rx = [rx 0.697938];
ry = [ry 2.18902];
rx = [rx 0.647371];
ry = [ry 2.1561];
rx = [rx 0.690649];
ry = [ry 2.19188];
rx = [rx 0.658078];
ry = [ry 2.17037];
rx = [rx 0.720366];
ry = [ry 2.2246];
rx = [rx 0.714832];
ry = [ry 2.2252];
rx = [rx 0.684059];
ry = [ry 2.20349];
rx = [rx 0.61931];
ry = [ry 2.14916];
rx = [rx 0.651778];
ry = [ry 2.18222];
rx = [rx 0.650685];
ry = [ry 2.18484];
rx = [rx 0.634912];
ry = [ry 2.17272];
rx = [rx 0.67615];
