rx = [];
ry = [];
rx = [rx -0.371042];
ry = [ry 1.64232];
rx = [rx -0.444554];
ry = [ry 1.58457];
rx = [rx -0.408247];
ry = [ry 1.5817];
rx = [rx -0.356945];
ry = [ry 1.58838];
rx = [rx -0.396282];
ry = [ry 1.54457];
rx = [rx -0.362179];
ry = [ry 1.54269];
rx = [rx -0.31355];
ry = [ry 1.55107];
rx = [rx -0.360736];
ry = [ry 1.49901];
rx = [rx -0.390819];
ry = [ry 1.45565];
rx = [rx -0.336278];
ry = [ry 1.46955];
rx = [rx -0.313686];
ry = [ry 1.46247];
rx = [rx -0.357607];
ry = [ry 1.40579];
rx = [rx -0.295603];
ry = [ry 1.42895];
rx = [rx -0.37667];
ry = [ry 1.33889];
rx = [rx -0.371005];
ry = [ry 1.31628];
rx = [rx -0.341073];
ry = [ry 1.31432];
rx = [rx -0.338485];
ry = [ry 1.2887];
rx = [rx -0.291201];
ry = [ry 1.3041];
rx = [rx -0.211317];
ry = [ry 1.35323];
rx = [rx -0.282787];
ry = [ry 1.25527];
rx = [rx -0.239978];
ry = [ry 1.26982];
rx = [rx -0.218298];
ry = [ry 1.26374];
rx = [rx -0.253399];
ry = [ry 1.19502];
rx = [rx -0.215054];
ry = [ry 1.20697];
rx = [rx -0.222847];
ry = [ry 1.16569];
rx = [rx -0.124254];
ry = [ry 1.25399];
rx = [rx -0.190728];
ry = [ry 1.13805];
rx = [rx -0.172282];
ry = [ry 1.12733];
rx = [rx -0.118602];
ry = [ry 1.16533];
rx = [rx -0.104801];
ry = [ry 1.15008];
rx = [rx 0.00733726];
ry = [ry 1.28059];
rx = [rx -0.0672904];
ry = [ry 1.13394];
rx = [rx -0.0158201];
ry = [ry 1.17868];
rx = [rx 0.04182];
ry = [ry 1.23813];
rx = [rx 0.0379269];
ry = [ry 1.19644];
rx = [rx 0.105808];
ry = [ry 1.28173];
rx = [rx 0.0868057];
ry = [ry 1.2113];
rx = [rx 0.111066];
ry = [ry 1.22047];
rx = [rx 0.119971];
ry = [ry 1.19963];
rx = [rx 0.160741];
ry = [ry 1.24603];
rx = [rx 0.170807];
ry = [ry 1.22842];
rx = [rx 0.174748];
ry = [ry 1.19527];
rx = [rx 0.226082];
ry = [ry 1.277];
rx = [rx 0.226763];
ry = [ry 1.23571];
rx = [rx 0.261512];
ry = [ry 1.28435];
rx = [rx 0.25342];
ry = [ry 1.21442];
rx = [rx 0.265831];
ry = [ry 1.19998];
rx = [rx 0.288107];
ry = [ry 1.21672];
rx = [rx 0.310375];
ry = [ry 1.23629];
rx = [rx 0.318707];
ry = [ry 1.20705];
rx = [rx 0.337437];
ry = [ry 1.21589];
rx = [rx 0.350989];
ry = [ry 1.20424];
rx = [rx 0.376126];
ry = [ry 1.24593];
rx = [rx 0.390814];
ry = [ry 1.24207];
rx = [rx 0.420878];
ry = [ry 1.32565];
rx = [rx 0.412045];
ry = [ry 1.18191];
rx = [rx 0.440419];
ry = [ry 1.26839];
rx = [rx 0.45737];
ry = [ry 1.28699];
rx = [rx 0.475795];
ry = [ry 1.32665];
rx = [rx 0.491839];
ry = [ry 1.35556];
rx = [rx 0.505136];
ry = [ry 1.35999];
rx = [rx 0.515119];
ry = [ry 1.30374];
rx = [rx 0.530647];
ry = [ry 1.3532];
rx = [rx 0.542173];
ry = [ry 1.26669];
rx = [rx 0.556612];
ry = [ry 1.29727];
rx = [rx 0.570312];
ry = [ry 1.30992];
rx = [rx 0.580464];
ry = [ry 1.40967];
rx = [rx 0.595277];
ry = [ry 1.3567];
rx = [rx 0.597702];
ry = [ry 1.50531];
rx = [rx 0.620176];
ry = [ry 1.36824];
rx = [rx 0.630286];
ry = [ry 1.39373];
rx = [rx 0.649701];
ry = [ry 1.33707];
rx = [rx 0.644929];
ry = [ry 1.46606];
rx = [rx 0.665345];
ry = [ry 1.40839];
rx = [rx 0.670794];
ry = [ry 1.44723];
rx = [rx 0.689978];
ry = [ry 1.40893];
rx = [rx 0.687921];
ry = [ry 1.47704];
rx = [rx 0.68373];
ry = [ry 1.544];
rx = [rx 0.729781];
ry = [ry 1.40066];
rx = [rx 0.699378];
ry = [ry 1.56189];
rx = [rx 0.702359];
ry = [ry 1.5864];
rx = [rx 0.72567];
ry = [ry 1.54191];
rx = [rx 0.743158];
ry = [ry 1.52086];
rx = [rx 0.753087];
ry = [ry 1.52442];
rx = [rx 0.74362];
ry = [ry 1.58111];
rx = [rx 0.762378];
ry = [ry 1.55897];
rx = [rx 0.751681];
ry = [ry 1.6121];
rx = [rx 0.795794];
ry = [ry 1.53167];
rx = [rx 0.779027];
ry = [ry 1.59548];
rx = [rx 0.799463];
ry = [ry 1.57432];
rx = [rx 0.80229];
ry = [ry 1.59139];
rx = [rx 0.783909];
ry = [ry 1.64892];
rx = [rx 0.782393];
ry = [ry 1.67038];
rx = [rx 0.794274];
ry = [ry 1.66629];
rx = [rx 0.727371];
ry = [ry 1.79906];
rx = [rx 0.80543];
ry = [ry 1.68098];
rx = [rx 0.766378];
ry = [ry 1.75927];
rx = [rx 0.837169];
ry = [ry 1.66315];
rx = [rx 0.781359];
ry = [ry 1.76182];
rx = [rx 0.773437];
ry = [ry 1.78535];
rx = [rx 0.810533];
ry = [ry 1.74561];
rx = [rx 0.797529];
ry = [ry 1.77537];
rx = [rx 0.799895];
ry = [ry 1.7837];
rx = [rx 0.772141];
ry = [ry 1.82888];
rx = [rx 0.772292];
ry = [ry 1.83801];
rx = [rx 0.869516];
ry = [ry 1.73529];
rx = [rx 0.774991];
ry = [ry 1.85254];
rx = [rx 0.779037];
ry = [ry 1.85657];
rx = [rx 0.788358];
ry = [ry 1.85514];
rx = [rx 0.856722];
ry = [ry 1.79513];
rx = [rx 0.830989];
ry = [ry 1.83024];
rx = [rx 0.741905];
ry = [ry 1.92229];
rx = [rx 0.794983];
ry = [ry 1.88054];
rx = [rx 0.820368];
ry = [ry 1.86594];
rx = [rx 0.812659];
ry = [ry 1.88037];
rx = [rx 0.858836];
ry = [ry 1.85055];
rx = [rx 0.814185];
ry = [ry 1.894];
rx = [rx 0.759904];
ry = [ry 1.94198];
rx = [rx 0.83113];
ry = [ry 1.89583];
rx = [rx 0.830957];
ry = [ry 1.90319];
rx = [rx 0.753876];
ry = [ry 1.96214];
rx = [rx 0.726455];
ry = [ry 1.98488];
rx = [rx 0.837179];
ry = [ry 1.92];
rx = [rx 0.743542];
ry = [ry 1.9829];
rx = [rx 0.781839];
ry = [ry 1.96524];
rx = [rx 0.705685];
ry = [ry 2.01257];
rx = [rx 0.796473];
ry = [ry 1.96778];
rx = [rx 0.832103];
ry = [ry 1.95499];
rx = [rx 0.735706];
ry = [ry 2.00792];
rx = [rx 0.786887];
ry = [ry 1.98795];
rx = [rx 0.767502];
ry = [ry 2.00143];
rx = [rx 0.774091];
ry = [ry 2.00303];
rx = [rx 0.846764];
ry = [ry 1.97819];
rx = [rx 0.697907];
ry = [ry 2.04105];
rx = [rx 0.665889];
ry = [ry 2.0555];
rx = [rx 0.769254];
ry = [ry 2.02216];
rx = [rx 0.776496];
ry = [ry 2.02395];
rx = [rx 0.808145];
ry = [ry 2.01854];
rx = [rx 0.656091];
ry = [ry 2.06678];
rx = [rx 0.739737];
ry = [ry 2.04633];
rx = [rx 0.776103];
ry = [ry 2.04072];
rx = [rx 0.725144];
ry = [ry 2.0565];
rx = [rx 0.72448];
ry = [ry 2.05973];
rx = [rx 0.712885];
ry = [ry 2.06504];
rx = [rx 0.754183];
ry = [ry 2.06063];
rx = [rx 0.64658];
ry = [ry 2.08113];
rx = [rx 0.714034];
ry = [ry 2.07333];
rx = [rx 0.771153];
ry = [ry 2.06917];
rx = [rx 0.729141];
ry = [ry 2.07735];
rx = [rx 0.780615];
ry = [ry 2.07595];
rx = [rx 0.69711];
ry = [ry 2.08566];
rx = [rx 0.66238];
ry = [ry 2.08992];
rx = [rx 0.660144];
ry = [ry 2.09186];
rx = [rx 0.67982];
ry = [ry 2.09335];
rx = [rx 0.694942];
ry = [ry 2.09553];
rx = [rx 0.664216];
ry = [ry 2.09739];
rx = [rx 0.704134];
ry = [ry 2.10071];
rx = [rx 0.726387];
ry = [ry 2.10449];
rx = [rx 0.652936];
ry = [ry 2.10228];
rx = [rx 0.758009];
ry = [ry 2.11326];
rx = [rx 0.735984];
ry = [ry 2.11449];
rx = [rx 0.683508];
ry = [ry 2.11118];
rx = [rx 0.720587];
ry = [ry 2.11869];
rx = [rx 0.699586];
ry = [ry 2.11829];
rx = [rx 0.68949];
ry = [ry 2.11908];
rx = [rx 0.669229];
ry = [ry 2.11753];
rx = [rx 0.686359];
ry = [ry 2.12325];
rx = [rx 0.739723];
ry = [ry 2.13801];
rx = [rx 0.696579];
ry = [ry 2.1306];
rx = [rx 0.742829];
ry = [ry 2.14566];
rx = [rx 0.734287];
ry = [ry 2.14672];
rx = [rx 0.719561];
ry = [ry 2.14559];
rx = [rx 0.785415];
ry = [ry 2.17019];
rx = [rx 0.760474];
ry = [ry 2.16603];
rx = [rx 0.683];
ry = [ry 2.14178];
rx = [rx 0.649999];
ry = [ry 2.13161];
rx = [rx 0.673363];
ry = [ry 2.14297];
rx = [rx 0.735009];
ry = [ry 2.1716];
rx = [rx 0.705013];
ry = [ry 2.16194];
rx = [rx 0.675775];
ry = [ry 2.15142];
rx = [rx 0.671064];
ry = [ry 2.15168];
rx = [rx 0.723051];
ry = [ry 2.18074];
rx = [rx 0.625789];
ry = [ry 2.13263];
rx = [rx 0.730846];
ry = [ry 2.19256];
rx = [rx 0.662848];
ry = [ry 2.15726];
rx = [rx 0.731129];
ry = [ry 2.20088];
rx = [rx 0.715625];
ry = [ry 2.19538];
rx = [rx 0.647529];
ry = [ry 2.155];
rx = [rx 0.705777];
ry = [ry 2.19667];
rx = [rx 0.687168];
ry = [ry 2.18747];
rx = [rx 0.628189];
ry = [ry 2.148];
rx = [rx 0.70216];
ry = [ry 2.20579];
rx = [rx 0.690256];
ry = [ry 2.20054];
rx = [rx 0.70476];
ry = [ry 2.21614];
rx = [rx 0.656489];
ry = [ry 2.17993];
rx = [rx 0.697297];
ry = [ry 2.21851];
rx = [rx 0.666225];
ry = [ry 2.19489];
rx = [rx 0.724777];
ry = [ry 2.25313];
rx = [rx 0.719216];
ry = [ry 2.25336];
rx = [rx 0.689951];
ry = [ry 2.22965];
rx = [rx 0.628951];
ry = [ry 2.17115];
rx = [rx 0.659153];
ry = [ry 2.20629];
rx = [rx 0.657888];
ry = [ry 2.20883];
rx = [rx 0.642955];
ry = [ry 2.19569];
rx = [rx 0.681022];
