rx = [];
ry = [];
rx = [rx -0.380495];
ry = [ry 1.65161];
rx = [rx -0.454848];
ry = [ry 1.59495];
rx = [rx -0.418588];
ry = [ry 1.59154];
rx = [rx -0.367193];
ry = [ry 1.59747];
rx = [rx -0.40717];
ry = [ry 1.55425];
rx = [rx -0.373099];
ry = [ry 1.55186];
rx = [rx -0.324351];
ry = [ry 1.55953];
rx = [rx -0.372299];
ry = [ry 1.50817];
rx = [rx -0.403017];
ry = [ry 1.46525];
rx = [rx -0.348276];
ry = [ry 1.47835];
rx = [rx -0.325791];
ry = [ry 1.47093];
rx = [rx -0.370542];
ry = [ry 1.41491];
rx = [rx -0.308204];
ry = [ry 1.43716];
rx = [rx -0.390587];
ry = [ry 1.3483];
rx = [rx -0.385256];
ry = [ry 1.3256];
rx = [rx -0.355356];
ry = [ry 1.3232];
rx = [rx -0.353144];
ry = [ry 1.29755];
rx = [rx -0.305639];
ry = [ry 1.31225];
rx = [rx -0.225041];
ry = [ry 1.3602];
rx = [rx -0.297945];
ry = [ry 1.2633];
rx = [rx -0.254926];
ry = [ry 1.27722];
rx = [rx -0.233338];
ry = [ry 1.27082];
rx = [rx -0.269447];
ry = [ry 1.20263];
rx = [rx -0.23093];
ry = [ry 1.21401];
rx = [rx -0.23933];
ry = [ry 1.17286];
rx = [rx -0.139448];
ry = [ry 1.25969];
rx = [rx -0.20762];
ry = [ry 1.14475];
rx = [rx -0.189335];
ry = [ry 1.13375];
rx = [rx -0.135101];
ry = [ry 1.17096];
rx = [rx -0.121526];
ry = [ry 1.1555];
rx = [rx -0.0074794];
ry = [ry 1.28435];
rx = [rx -0.0842571];
ry = [ry 1.13882];
rx = [rx -0.0321339];
ry = [ry 1.1828];
rx = [rx 0.0263748];
ry = [ry 1.24139];
rx = [rx 0.0218685];
ry = [ry 1.19976];
rx = [rx 0.0909978];
ry = [ry 1.28405];
rx = [rx 0.0709607];
ry = [ry 1.2139];
rx = [rx 0.0953538];
ry = [ry 1.22272];
rx = [rx 0.103951];
ry = [ry 1.20174];
rx = [rx 0.145399];
ry = [ry 1.24754];
rx = [rx 0.155205];
ry = [ry 1.22978];
rx = [rx 0.158658];
ry = [ry 1.19658];
rx = [rx 0.211188];
ry = [ry 1.27754];
rx = [rx 0.211262];
ry = [ry 1.23625];
rx = [rx 0.246723];
ry = [ry 1.28437];
rx = [rx 0.237603];
ry = [ry 1.21457];
rx = [rx 0.2498];
ry = [ry 1.19995];
rx = [rx 0.27232];
ry = [ry 1.21636];
rx = [rx 0.294873];
ry = [ry 1.2356];
rx = [rx 0.302775];
ry = [ry 1.20624];
rx = [rx 0.321632];
ry = [ry 1.2148];
rx = [rx 0.335011];
ry = [ry 1.20296];
rx = [rx 0.360759];
ry = [ry 1.24427];
rx = [rx 0.375389];
ry = [ry 1.2402];
rx = [rx 0.406679];
ry = [ry 1.32332];
rx = [rx 0.395733];
ry = [ry 1.17973];
rx = [rx 0.425376];
ry = [ry 1.26578];
rx = [rx 0.442599];
ry = [ry 1.28413];
rx = [rx 0.461605];
ry = [ry 1.32352];
rx = [rx 0.478073];
ry = [ry 1.35218];
rx = [rx 0.491434];
ry = [ry 1.35642];
rx = [rx 0.500588];
ry = [ry 1.30003];
rx = [rx 0.516842];
ry = [ry 1.34926];
rx = [rx 0.527094];
ry = [ry 1.26259];
rx = [rx 0.541981];
ry = [ry 1.29295];
rx = [rx 0.555866];
ry = [ry 1.30539];
rx = [rx 0.567485];
ry = [ry 1.40498];
rx = [rx 0.581517];
ry = [ry 1.3518];
rx = [rx 0.586129];
ry = [ry 1.50036];
rx = [rx 0.606583];
ry = [ry 1.36297];
rx = [rx 0.617067];
ry = [ry 1.38832];
rx = [rx 0.635646];
ry = [ry 1.33137];
rx = [rx 0.632772];
ry = [ry 1.46042];
rx = [rx 0.652338];
ry = [ry 1.40246];
rx = [rx 0.658358];
ry = [ry 1.44121];
rx = [rx 0.676976];
ry = [ry 1.40263];
rx = [rx 0.675922];
ry = [ry 1.47077];
rx = [rx 0.672717];
ry = [ry 1.53778];
rx = [rx 0.716653];
ry = [ry 1.39378];
rx = [rx 0.688626];
ry = [ry 1.55543];
rx = [rx 0.691967];
ry = [ry 1.5799];
rx = [rx 0.714621];
ry = [ry 1.53508];
rx = [rx 0.731798];
ry = [ry 1.51376];
rx = [rx 0.741777];
ry = [ry 1.51718];
rx = [rx 0.733146];
ry = [ry 1.574];
rx = [rx 0.751576];
ry = [ry 1.55159];
rx = [rx 0.741663];
ry = [ry 1.60488];
rx = [rx 0.784586];
ry = [ry 1.5238];
rx = [rx 0.768761];
ry = [ry 1.58785];
rx = [rx 0.788883];
ry = [ry 1.56639];
rx = [rx 0.791961];
ry = [ry 1.58343];
rx = [rx 0.774428];
ry = [ry 1.64122];
rx = [rx 0.773228];
ry = [ry 1.66269];
rx = [rx 0.785048];
ry = [ry 1.65844];
rx = [rx 0.720106];
ry = [ry 1.79217];
rx = [rx 0.796419];
ry = [ry 1.67295];
rx = [rx 0.758523];
ry = [ry 1.75181];
rx = [rx 0.827892];
ry = [ry 1.65466];
rx = [rx 0.77354];
ry = [ry 1.75414];
rx = [rx 0.765965];
ry = [ry 1.77778];
rx = [rx 0.802472];
ry = [ry 1.7375];
rx = [rx 0.789908];
ry = [ry 1.76745];
rx = [rx 0.792397];
ry = [ry 1.77575];
rx = [rx 0.76531];
ry = [ry 1.82133];
rx = [rx 0.765596];
ry = [ry 1.83046];
rx = [rx 0.861297];
ry = [ry 1.72632];
rx = [rx 0.768508];
ry = [ry 1.84494];
rx = [rx 0.772613];
ry = [ry 1.84891];
rx = [rx 0.781911];
ry = [ry 1.84735];
rx = [rx 0.849386];
ry = [ry 1.78634];
rx = [rx 0.824172];
ry = [ry 1.82183];
rx = [rx 0.736452];
ry = [ry 1.91517];
rx = [rx 0.78891];
ry = [ry 1.87264];
rx = [rx 0.814077];
ry = [ry 1.85767];
rx = [rx 0.806581];
ry = [ry 1.87221];
rx = [rx 0.852314];
ry = [ry 1.84172];
rx = [rx 0.808308];
ry = [ry 1.88582];
rx = [rx 0.754738];
ry = [ry 1.9346];
rx = [rx 0.825278];
ry = [ry 1.8874];
rx = [rx 0.825213];
ry = [ry 1.89476];
rx = [rx 0.749008];
ry = [ry 1.95485];
rx = [rx 0.721925];
ry = [ry 1.97798];
rx = [rx 0.831682];
ry = [ry 1.91148];
rx = [rx 0.738981];
ry = [ry 1.97575];
rx = [rx 0.777014];
ry = [ry 1.95753];
rx = [rx 0.701565];
ry = [ry 2.00598];
rx = [rx 0.791684];
ry = [ry 1.95985];
rx = [rx 0.827121];
ry = [ry 1.94654];
rx = [rx 0.731514];
ry = [ry 2.00088];
rx = [rx 0.782396];
ry = [ry 1.98017];
rx = [rx 0.763211];
ry = [ry 1.99393];
rx = [rx 0.769823];
ry = [ry 1.99543];
rx = [rx 0.842123];
ry = [ry 1.96953];
rx = [rx 0.694207];
ry = [ry 2.03457];
rx = [rx 0.662404];
ry = [ry 2.04948];
rx = [rx 0.765267];
ry = [ry 2.01463];
rx = [rx 0.772535];
ry = [ry 2.01632];
rx = [rx 0.804102];
ry = [ry 2.01043];
rx = [rx 0.652774];
ry = [ry 2.06091];
rx = [rx 0.73611];
ry = [ry 2.03923];
rx = [rx 0.772389];
ry = [ry 2.03308];
rx = [rx 0.721668];
ry = [ry 2.04961];
rx = [rx 0.721051];
ry = [ry 2.05286];
rx = [rx 0.709536];
ry = [ry 2.05834];
rx = [rx 0.750765];
ry = [ry 2.05332];
rx = [rx 0.643475];
ry = [ry 2.0754];
rx = [rx 0.710807];
ry = [ry 2.06661];
rx = [rx 0.767858];
ry = [ry 2.06161];
rx = [rx 0.725971];
ry = [ry 2.07041];
rx = [rx 0.777419];
ry = [ry 2.06824];
rx = [rx 0.694066];
ry = [ry 2.07918];
rx = [rx 0.659402];
ry = [ry 2.08396];
rx = [rx 0.657196];
ry = [ry 2.08593];
rx = [rx 0.676891];
ry = [ry 2.08713];
rx = [rx 0.692044];
ry = [ry 2.08908];
rx = [rx 0.661348];
ry = [ry 2.0914];
rx = [rx 0.701311];
ry = [ry 2.09413];
rx = [rx 0.723617];
ry = [ry 2.09758];
rx = [rx 0.650142];
ry = [ry 2.09645];
rx = [rx 0.755365];
ry = [ry 2.10589];
rx = [rx 0.73336];
ry = [ry 2.10744];
rx = [rx 0.680841];
ry = [ry 2.10491];
rx = [rx 0.718027];
ry = [ry 2.11187];
rx = [rx 0.697022];
ry = [ry 2.11177];
rx = [rx 0.686938];
ry = [ry 2.11271];
rx = [rx 0.666657];
ry = [ry 2.11146];
rx = [rx 0.68387];
ry = [ry 2.11693];
rx = [rx 0.737445];
ry = [ry 2.1309];
rx = [rx 0.694197];
ry = [ry 2.12413];
rx = [rx 0.740663];
ry = [ry 2.1385];
rx = [rx 0.732138];
ry = [ry 2.13969];
rx = [rx 0.717397];
ry = [ry 2.13878];
rx = [rx 0.783605];
ry = [ry 2.1624];
rx = [rx 0.758606];
ry = [ry 2.15862];
rx = [rx 0.680783];
ry = [ry 2.13551];
rx = [rx 0.647636];
ry = [ry 2.12582];
rx = [rx 0.671165];
ry = [ry 2.13684];
rx = [rx 0.733226];
ry = [ry 2.16456];
rx = [rx 0.703091];
ry = [ry 2.15534];
rx = [rx 0.673701];
ry = [ry 2.14525];
rx = [rx 0.668994];
ry = [ry 2.14558];
rx = [rx 0.721404];
ry = [ry 2.17387];
rx = [rx 0.623444];
ry = [ry 2.1272];
rx = [rx 0.729372];
ry = [ry 2.18558];
rx = [rx 0.660862];
ry = [ry 2.15128];
rx = [rx 0.729777];
ry = [ry 2.19389];
rx = [rx 0.714194];
ry = [ry 2.18862];
rx = [rx 0.64551];
ry = [ry 2.14925];
rx = [rx 0.704366];
ry = [ry 2.19005];
rx = [rx 0.685623];
ry = [ry 2.18113];
rx = [rx 0.62607];
ry = [ry 2.14253];
rx = [rx 0.700883];
ry = [ry 2.19923];
rx = [rx 0.688904];
ry = [ry 2.19415];
rx = [rx 0.703635];
ry = [ry 2.20953];
rx = [rx 0.654837];
ry = [ry 2.17404];
rx = [rx 0.696209];
ry = [ry 2.21201];
rx = [rx 0.664792];
ry = [ry 2.18885];
rx = [rx 0.724194];
ry = [ry 2.24623];
rx = [rx 0.718637];
ry = [ry 2.24654];
rx = [rx 0.689027];
ry = [ry 2.22327];
rx = [rx 0.627173];
ry = [ry 2.16567];
rx = [rx 0.657889];
ry = [ry 2.20036];
rx = [rx 0.656661];
ry = [ry 2.20292];
rx = [rx 0.641537];
ry = [ry 2.19];
rx = [rx 0.680321];
