rx = [];
ry = [];
rx = [rx -0.363914];
ry = [ry 1.634];
rx = [rx -0.436823];
ry = [ry 1.57549];
rx = [rx -0.400489];
ry = [ry 1.57299];
rx = [rx -0.349259];
ry = [ry 1.58021];
rx = [rx -0.388139];
ry = [ry 1.53599];
rx = [rx -0.354019];
ry = [ry 1.53447];
rx = [rx -0.305478];
ry = [ry 1.54335];
rx = [rx -0.352123];
ry = [ry 1.49081];
rx = [rx -0.381754];
ry = [ry 1.44713];
rx = [rx -0.32736];
ry = [ry 1.4616];
rx = [rx -0.304696];
ry = [ry 1.45475];
rx = [rx -0.348027];
ry = [ry 1.39762];
rx = [rx -0.286266];
ry = [ry 1.42143];
rx = [rx -0.366395];
ry = [ry 1.33053];
rx = [rx -0.360496];
ry = [ry 1.30797];
rx = [rx -0.330546];
ry = [ry 1.30632];
rx = [rx -0.327691];
ry = [ry 1.28073];
rx = [rx -0.28057];
ry = [ry 1.29663];
rx = [rx -0.2012];
ry = [ry 1.34658];
rx = [rx -0.27165];
ry = [ry 1.24788];
rx = [rx -0.228994];
ry = [ry 1.26288];
rx = [rx -0.207252];
ry = [ry 1.25702];
rx = [rx -0.241639];
ry = [ry 1.18794];
rx = [rx -0.20342];
ry = [ry 1.20029];
rx = [rx -0.210785];
ry = [ry 1.15894];
rx = [rx -0.113113];
ry = [ry 1.24825];
rx = [rx -0.17838];
ry = [ry 1.13163];
rx = [rx -0.159825];
ry = [ry 1.1211];
rx = [rx -0.106541];
ry = [ry 1.15966];
rx = [rx -0.0925825];
ry = [ry 1.14454];
rx = [rx 0.018196];
ry = [ry 1.27621];
rx = [rx -0.054907];
ry = [ry 1.1288];
rx = [rx -0.0039033];
ry = [ry 1.17407];
rx = [rx 0.0531172];
ry = [ry 1.23412];
rx = [rx 0.0496567];
ry = [ry 1.19238];
rx = [rx 0.11665];
ry = [ry 1.27838];
rx = [rx 0.0983787];
ry = [ry 1.20775];
rx = [rx 0.122543];
ry = [ry 1.21718];
rx = [rx 0.131664];
ry = [ry 1.19642];
rx = [rx 0.171949];
ry = [ry 1.24325];
rx = [rx 0.182198];
ry = [ry 1.22574];
rx = [rx 0.186483];
ry = [ry 1.19263];
rx = [rx 0.236966];
ry = [ry 1.27489];
rx = [rx 0.238075];
ry = [ry 1.23361];
rx = [rx 0.272318];
ry = [ry 1.28261];
rx = [rx 0.264952];
ry = [ry 1.21259];
rx = [rx 0.277512];
ry = [ry 1.19829];
rx = [rx 0.299613];
ry = [ry 1.21526];
rx = [rx 0.321677];
ry = [ry 1.23506];
rx = [rx 0.330312];
ry = [ry 1.20591];
rx = [rx 0.348949];
ry = [ry 1.21493];
rx = [rx 0.362621];
ry = [ry 1.20343];
rx = [rx 0.387324];
ry = [ry 1.24538];
rx = [rx 0.402051];
ry = [ry 1.24167];
rx = [rx 0.431247];
ry = [ry 1.32555];
rx = [rx 0.423906];
ry = [ry 1.18174];
rx = [rx 0.451381];
ry = [ry 1.2685];
rx = [rx 0.468138];
ry = [ry 1.28728];
rx = [rx 0.48615];
ry = [ry 1.32713];
rx = [rx 0.501894];
ry = [ry 1.3562];
rx = [rx 0.515145];
ry = [ry 1.36077];
rx = [rx 0.52571];
ry = [ry 1.30463];
rx = [rx 0.540724];
ry = [ry 1.35425];
rx = [rx 0.553147];
ry = [ry 1.26786];
rx = [rx 0.567268];
ry = [ry 1.29859];
rx = [rx 0.580837];
ry = [ry 1.31137];
rx = [rx 0.589953];
ry = [ry 1.41123];
rx = [rx 0.605315];
ry = [ry 1.35842];
rx = [rx 0.606199];
ry = [ry 1.50704];
rx = [rx 0.630093];
ry = [ry 1.37021];
rx = [rx 0.639938];
ry = [ry 1.39581];
rx = [rx 0.659939];
ry = [ry 1.33935];
rx = [rx 0.65383];
ry = [ry 1.46829];
rx = [rx 0.674843];
ry = [ry 1.41083];
rx = [rx 0.679889];
ry = [ry 1.44972];
rx = [rx 0.699469];
ry = [ry 1.41162];
rx = [rx 0.696706];
ry = [ry 1.47971];
rx = [rx 0.691821];
ry = [ry 1.54663];
rx = [rx 0.739356];
ry = [ry 1.40377];
rx = [rx 0.707283];
ry = [ry 1.56467];
rx = [rx 0.710009];
ry = [ry 1.58921];
rx = [rx 0.73378];
ry = [ry 1.54497];
rx = [rx 0.751486];
ry = [ry 1.52409];
rx = [rx 0.761377];
ry = [ry 1.52776];
rx = [rx 0.751323];
ry = [ry 1.58435];
rx = [rx 0.770309];
ry = [ry 1.56241];
rx = [rx 0.759062];
ry = [ry 1.61543];
rx = [rx 0.804006];
ry = [ry 1.53545];
rx = [rx 0.786579];
ry = [ry 1.59909];
rx = [rx 0.807233];
ry = [ry 1.57814];
rx = [rx 0.809883];
ry = [ry 1.59524];
rx = [rx 0.790906];
ry = [ry 1.65258];
rx = [rx 0.789168];
ry = [ry 1.67401];
rx = [rx 0.801091];
ry = [ry 1.67006];
rx = [rx 0.732814];
ry = [ry 1.80212];
rx = [rx 0.812094];
ry = [ry 1.68486];
rx = [rx 0.772232];
ry = [ry 1.76273];
rx = [rx 0.844016];
ry = [ry 1.66736];
rx = [rx 0.787186];
ry = [ry 1.76544];
rx = [rx 0.77902];
ry = [ry 1.78889];
rx = [rx 0.816526];
ry = [ry 1.74954];
rx = [rx 0.803214];
ry = [ry 1.77916];
rx = [rx 0.805495];
ry = [ry 1.78751];
rx = [rx 0.777273];
ry = [ry 1.83241];
rx = [rx 0.77733];
ry = [ry 1.84153];
rx = [rx 0.875613];
ry = [ry 1.73983];
rx = [rx 0.779878];
ry = [ry 1.85609];
rx = [rx 0.783881];
ry = [ry 1.86016];
rx = [rx 0.793216];
ry = [ry 1.85883];
rx = [rx 0.8622];
ry = [ry 1.79954];
rx = [rx 0.836104];
ry = [ry 1.83438];
rx = [rx 0.74607];
ry = [ry 1.92549];
rx = [rx 0.799578];
ry = [ry 1.8843];
rx = [rx 0.825113];
ry = [ry 1.86996];
rx = [rx 0.817255];
ry = [ry 1.88431];
rx = [rx 0.863738];
ry = [ry 1.85497];
rx = [rx 0.818639];
ry = [ry 1.89795];
rx = [rx 0.763863];
ry = [ry 1.94537];
rx = [rx 0.835565];
ry = [ry 1.89996];
rx = [rx 0.835315];
ry = [ry 1.90732];
rx = [rx 0.757627];
ry = [ry 1.96547];
rx = [rx 0.729972];
ry = [ry 1.98792];
rx = [rx 0.841363];
ry = [ry 1.92419];
rx = [rx 0.747078];
ry = [ry 1.98612];
rx = [rx 0.785557];
ry = [ry 1.96886];
rx = [rx 0.708916];
ry = [ry 2.01539];
rx = [rx 0.800163];
ry = [ry 1.97154];
rx = [rx 0.835924];
ry = [ry 1.95913];
rx = [rx 0.738983];
ry = [ry 2.01106];
rx = [rx 0.790369];
ry = [ry 1.99162];
rx = [rx 0.770845];
ry = [ry 2.0049];
rx = [rx 0.777417];
ry = [ry 2.00656];
rx = [rx 0.850344];
ry = [ry 1.98248];
rx = [rx 0.700843];
ry = [ry 2.04379];
rx = [rx 0.668677];
ry = [ry 2.05791];
rx = [rx 0.772382];
ry = [ry 2.02564];
rx = [rx 0.779605];
ry = [ry 2.02751];
rx = [rx 0.811309];
ry = [ry 2.02242];
rx = [rx 0.658762];
ry = [ry 2.06909];
rx = [rx 0.742616];
ry = [ry 2.0495];
rx = [rx 0.779038];
ry = [ry 2.04427];
rx = [rx 0.727918];
ry = [ry 2.05952];
rx = [rx 0.727221];
ry = [ry 2.06275];
rx = [rx 0.715571];
ry = [ry 2.06794];
rx = [rx 0.756913];
ry = [ry 2.06395];
rx = [rx 0.649103];
ry = [ry 2.08334];
rx = [rx 0.716634];
ry = [ry 2.07624];
rx = [rx 0.773793];
ry = [ry 2.07267];
rx = [rx 0.731699];
ry = [ry 2.08042];
rx = [rx 0.783185];
ry = [ry 2.07954];
rx = [rx 0.699584];
ry = [ry 2.08839];
rx = [rx 0.664811];
ry = [ry 2.09229];
rx = [rx 0.662555];
ry = [ry 2.09421];
rx = [rx 0.682215];
ry = [ry 2.09591];
rx = [rx 0.697314];
ry = [ry 2.09824];
rx = [rx 0.666569];
ry = [ry 2.09978];
rx = [rx 0.706451];
ry = [ry 2.10352];
rx = [rx 0.728663];
ry = [ry 2.10752];
rx = [rx 0.65524];
ry = [ry 2.10455];
rx = [rx 0.760193];
ry = [ry 2.11662];
rx = [rx 0.738156];
ry = [ry 2.11762];
rx = [rx 0.685717];
ry = [ry 2.11377];
rx = [rx 0.722717];
ry = [ry 2.12167];
rx = [rx 0.701721];
ry = [ry 2.12104];
rx = [rx 0.691617];
ry = [ry 2.12173];
rx = [rx 0.671373];
ry = [ry 2.11997];
rx = [rx 0.688443];
ry = [ry 2.12587];
rx = [rx 0.741651];
ry = [ry 2.14118];
rx = [rx 0.698587];
ry = [ry 2.13333];
rx = [rx 0.744678];
ry = [ry 2.14886];
rx = [rx 0.736126];
ry = [ry 2.14983];
rx = [rx 0.721412];
ry = [ry 2.14855];
rx = [rx 0.787007];
ry = [ry 2.17383];
rx = [rx 0.762111];
ry = [ry 2.16942];
rx = [rx 0.684892];
ry = [ry 2.14436];
rx = [rx 0.651998];
ry = [ry 2.13385];
rx = [rx 0.675243];
ry = [ry 2.14545];
rx = [rx 0.73659];
ry = [ry 2.17472];
rx = [rx 0.706695];
ry = [ry 2.16475];
rx = [rx 0.677567];
ry = [ry 2.15392];
rx = [rx 0.672854];
ry = [ry 2.15414];
rx = [rx 0.724537];
ry = [ry 2.18373];
rx = [rx 0.627779];
ry = [ry 2.13462];
rx = [rx 0.73221];
ry = [ry 2.19564];
rx = [rx 0.664581];
ry = [ry 2.15963];
rx = [rx 0.732406];
ry = [ry 2.20396];
rx = [rx 0.71696];
ry = [ry 2.1983];
rx = [rx 0.649286];
ry = [ry 2.15722];
rx = [rx 0.707099];
ry = [ry 2.19948];
rx = [rx 0.688586];
ry = [ry 2.19009];
rx = [rx 0.63002];
ry = [ry 2.15001];
rx = [rx 0.703387];
ry = [ry 2.20857];
rx = [rx 0.691539];
ry = [ry 2.20319];
rx = [rx 0.70588];
ry = [ry 2.21894];
rx = [rx 0.657987];
ry = [ry 2.18224];
rx = [rx 0.698393];
ry = [ry 2.22123];
rx = [rx 0.667568];
ry = [ry 2.19729];
rx = [rx 0.725512];
ry = [ry 2.25614];
rx = [rx 0.719949];
ry = [ry 2.25631];
rx = [rx 0.690932];
ry = [ry 2.2323];
rx = [rx 0.630542];
ry = [ry 2.17317];
rx = [rx 0.660378];
ry = [ry 2.20862];
rx = [rx 0.659086];
ry = [ry 2.21115];
rx = [rx 0.644291];
ry = [ry 2.19785];
rx = [rx 0.681846];
