rx = [];
ry = [];
rx = [rx -0.431075];
ry = [ry 1.71697];
rx = [rx -0.511915];
ry = [ry 1.67002];
rx = [rx -0.476363];
ry = [ry 1.66212];
rx = [rx -0.42463];
ry = [ry 1.66159];
rx = [rx -0.469686];
ry = [ry 1.62369];
rx = [rx -0.436177];
ry = [ry 1.61708];
rx = [rx -0.386855];
ry = [ry 1.6186];
rx = [rx -0.440834];
ry = [ry 1.57362];
rx = [rx -0.476664];
ry = [ry 1.53487];
rx = [rx -0.420718];
ry = [ry 1.54104];
rx = [rx -0.399333];
ry = [ry 1.53088];
rx = [rx -0.450721];
ry = [ry 1.48087];
rx = [rx -0.386096];
ry = [ry 1.49517];
rx = [rx -0.478919];
ry = [ry 1.41728];
rx = [rx -0.47646];
ry = [ry 1.3941];
rx = [rx -0.447092];
ry = [ry 1.38799];
rx = [rx -0.448098];
ry = [ry 1.36226];
rx = [rx -0.399129];
ry = [ry 1.37092];
rx = [rx -0.313181];
ry = [ry 1.40844];
rx = [rx -0.397601];
ry = [ry 1.32139];
rx = [rx -0.353182];
ry = [ry 1.32984];
rx = [rx -0.33256];
ry = [ry 1.32079];
rx = [rx -0.376893];
ry = [ry 1.25764];
rx = [rx -0.337257];
ry = [ry 1.26413];
rx = [rx -0.350724];
ry = [ry 1.22434];
rx = [rx -0.240792];
ry = [ry 1.29804];
rx = [rx -0.322768];
ry = [ry 1.1925];
rx = [rx -0.305997];
ry = [ry 1.17931];
rx = [rx -0.247545];
ry = [ry 1.20946];
rx = [rx -0.236004];
ry = [ry 1.19243];
rx = [rx -0.106778];
ry = [ry 1.30605];
rx = [rx -0.201107];
ry = [ry 1.17123];
rx = [rx -0.143906];
ry = [ry 1.20836];
rx = [rx -0.0785459];
ry = [ry 1.25921];
rx = [rx -0.0882102];
ry = [ry 1.21846];
rx = [rx -0.00910763];
ry = [ry 1.29347];
rx = [rx -0.0377373];
ry = [ry 1.22637];
rx = [rx -0.012435];
ry = [ry 1.23207];
rx = [rx -0.00652115];
ry = [ry 1.21019];
rx = [rx 0.0403155];
ry = [ry 1.25046];
rx = [rx 0.0478303];
ry = [ry 1.23162];
rx = [rx 0.0471146];
ry = [ry 1.19824];
rx = [rx 0.109333];
ry = [ry 1.27202];
rx = [rx 0.104256];
ry = [ry 1.23104];
rx = [rx 0.145442];
ry = [ry 1.27437];
rx = [rx 0.127687];
ry = [ry 1.20624];
rx = [rx 0.137965];
ry = [ry 1.19022];
rx = [rx 0.162356];
ry = [ry 1.20369];
rx = [rx 0.187134];
ry = [ry 1.21997];
rx = [rx 0.191311];
ry = [ry 1.18985];
rx = [rx 0.211089];
ry = [ry 1.19599];
rx = [rx 0.222887];
ry = [ry 1.18258];
rx = [rx 0.253587];
ry = [ry 1.22036];
rx = [rx 0.267593];
ry = [ry 1.21449];
rx = [rx 0.309007];
ry = [ry 1.29306];
rx = [rx 0.280237];
ry = [ry 1.15196];
rx = [rx 0.320381];
ry = [ry 1.23363];
rx = [rx 0.339759];
ry = [ry 1.2497];
rx = [rx 0.363529];
ry = [ry 1.28641];
rx = [rx 0.383443];
ry = [ry 1.31279];
rx = [rx 0.397229];
ry = [ry 1.31533];
rx = [rx 0.399278];
ry = [ry 1.25824];
rx = [rx 0.421544];
ry = [ry 1.30505];
rx = [rx 0.420906];
ry = [ry 1.21778];
rx = [rx 0.439465];
ry = [ry 1.24605];
rx = [rx 0.454793];
ry = [ry 1.25666];
rx = [rx 0.478742];
ry = [ry 1.35403];
rx = [rx 0.486032];
ry = [ry 1.29952];
rx = [rx 0.509136];
ry = [ry 1.44633];
rx = [rx 0.512295];
ry = [ry 1.30747];
rx = [rx 0.525858];
ry = [ry 1.33131];
rx = [rx 0.53719];
ry = [ry 1.27249];
rx = [rx 0.550434];
ry = [ry 1.40089];
rx = [rx 0.562618];
ry = [ry 1.34094];
rx = [rx 0.573424];
ry = [ry 1.37864];
rx = [rx 0.587085];
ry = [ry 1.33804];
rx = [rx 0.594538];
ry = [ry 1.40578];
rx = [rx 0.599716];
ry = [ry 1.47267];
rx = [rx 0.625349];
ry = [ry 1.32431];
rx = [rx 0.617702];
ry = [ry 1.48819];
rx = [rx 0.624069];
ry = [ry 1.51206];
rx = [rx 0.640955];
ry = [ry 1.46475];
rx = [rx 0.65534];
ry = [ry 1.44147];
rx = [rx 0.665667];
ry = [ry 1.44361];
rx = [rx 0.664191];
ry = [ry 1.50107];
rx = [rx 0.679681];
ry = [ry 1.47653];
rx = [rx 0.676491];
ry = [ry 1.53064];
rx = [rx 0.708968];
ry = [ry 1.44484];
rx = [rx 0.701254];
ry = [ry 1.51037];
rx = [rx 0.718543];
ry = [ry 1.48656];
rx = [rx 0.723721];
ry = [ry 1.50308];
rx = [rx 0.713534];
ry = [ry 1.56261];
rx = [rx 0.715021];
ry = [ry 1.58406];
rx = [rx 0.726218];
ry = [ry 1.57837];
rx = [rx 0.678462];
ry = [ry 1.71915];
rx = [rx 0.739311];
ry = [ry 1.59135];
rx = [rx 0.711546];
ry = [ry 1.67432];
rx = [rx 0.768257];
ry = [ry 1.56928];
rx = [rx 0.726736];
ry = [ry 1.67476];
rx = [rx 0.722169];
ry = [ry 1.69916];
rx = [rx 0.753368];
ry = [ry 1.65464];
rx = [rx 0.744636];
ry = [ry 1.68592];
rx = [rx 0.748141];
ry = [ry 1.69384];
rx = [rx 0.726951];
ry = [ry 1.74245];
rx = [rx 0.728373];
ry = [ry 1.75147];
rx = [rx 0.810339];
ry = [ry 1.63621];
rx = [rx 0.733069];
ry = [ry 1.76548];
rx = [rx 0.737637];
ry = [ry 1.76891];
rx = [rx 0.746667];
ry = [ry 1.76619];
rx = [rx 0.806006];
ry = [ry 1.69725];
rx = [rx 0.785415];
ry = [ry 1.7356];
rx = [rx 0.710022];
ry = [ry 1.83916];
rx = [rx 0.756767];
ry = [ry 1.79042];
rx = [rx 0.77987];
ry = [ry 1.77243];
rx = [rx 0.774246];
ry = [ry 1.78779];
rx = [rx 0.815819];
ry = [ry 1.75183];
rx = [rx 0.777656];
ry = [ry 1.80107];
rx = [rx 0.730589];
ry = [ry 1.85615];
rx = [rx 0.794691];
ry = [ry 1.80053];
rx = [rx 0.795544];
ry = [ry 1.80784];
rx = [rx 0.727429];
ry = [ry 1.87696];
rx = [rx 0.703443];
ry = [ry 1.90329];
rx = [rx 0.804049];
ry = [ry 1.82362];
rx = [rx 0.720087];
ry = [ry 1.89895];
rx = [rx 0.755551];
ry = [ry 1.87613];
rx = [rx 0.686733];
ry = [ry 1.93361];
rx = [rx 0.770395];
ry = [ry 1.8766];
rx = [rx 0.803897];
ry = [ry 1.85898];
rx = [rx 0.715813];
ry = [ry 1.92482];
rx = [rx 0.763714];
ry = [ry 1.89792];
rx = [rx 0.746395];
ry = [ry 1.91396];
rx = [rx 0.753142];
ry = [ry 1.91463];
rx = [rx 0.821648];
ry = [ry 1.87991];
rx = [rx 0.682999];
ry = [ry 1.96289];
rx = [rx 0.653305];
ry = [ry 1.98166];
rx = [rx 0.751018];
ry = [ry 1.93425];
rx = [rx 0.758439];
ry = [ry 1.93501];
rx = [rx 0.789025];
ry = [ry 1.92524];
rx = [rx 0.645175];
ry = [ry 1.9942];
rx = [rx 0.725156];
ry = [ry 1.96229];
rx = [rx 0.760385];
ry = [ry 1.95167];
rx = [rx 0.712121];
ry = [ry 1.97439];
rx = [rx 0.711915];
ry = [ry 1.97769];
rx = [rx 0.701172];
ry = [ry 1.98456];
rx = [rx 0.741453];
ry = [ry 1.97444];
rx = [rx 0.637755];
ry = [ry 2.00973];
rx = [rx 0.703465];
ry = [ry 1.99261];
rx = [rx 0.759447];
ry = [ry 1.98053];
rx = [rx 0.718985];
ry = [ry 1.99449];
rx = [rx 0.769761];
ry = [ry 1.98593];
rx = [rx 0.688424];
ry = [ry 2.00718];
rx = [rx 0.654626];
ry = [ry 2.01624];
rx = [rx 0.652682];
ry = [ry 2.01847];
rx = [rx 0.672374];
ry = [ry 2.01721];
rx = [rx 0.687652];
ry = [ry 2.01725];
rx = [rx 0.657485];
ry = [ry 2.02338];
rx = [rx 0.697476];
ry = [ry 2.0211];
rx = [rx 0.720038];
ry = [ry 2.02174];
rx = [rx 0.646995];
ry = [ry 2.02979];
rx = [rx 0.752575];
ry = [ry 2.02603];
rx = [rx 0.730935];
ry = [ry 2.03031];
rx = [rx 0.67851];
ry = [ry 2.03435];
rx = [rx 0.716274];
ry = [ry 2.03662];
rx = [rx 0.695421];
ry = [ry 2.03914];
rx = [rx 0.685533];
ry = [ry 2.04133];
rx = [rx 0.665255];
ry = [ry 2.04262];
rx = [rx 0.683014];
ry = [ry 2.0459];
rx = [rx 0.737913];
ry = [ry 2.05308];
rx = [rx 0.694159];
ry = [ry 2.05176];
rx = [rx 0.742056];
ry = [ry 2.06022];
rx = [rx 0.733744];
ry = [ry 2.06246];
rx = [rx 0.719005];
ry = [ry 2.06339];
rx = [rx 0.787643];
ry = [ry 2.07858];
rx = [rx 0.762367];
ry = [ry 2.07794];
rx = [rx 0.682269];
ry = [ry 2.06472];
rx = [rx 0.648173];
ry = [ry 2.05924];
rx = [rx 0.672892];
ry = [ry 2.06724];
rx = [rx 0.737926];
ry = [ry 2.087];
rx = [rx 0.706876];
ry = [ry 2.08161];
rx = [rx 0.676457];
ry = [ry 2.07527];
rx = [rx 0.671829];
ry = [ry 2.07619];
rx = [rx 0.727358];
ry = [ry 2.09772];
rx = [rx 0.624342];
ry = [ry 2.06362];
rx = [rx 0.736723];
ry = [ry 2.10834];
rx = [rx 0.66447];
ry = [ry 2.08285];
rx = [rx 0.738163];
ry = [ry 2.11654];
rx = [rx 0.722044];
ry = [ry 2.11325];
rx = [rx 0.648986];
ry = [ry 2.08275];
rx = [rx 0.71247];
ry = [ry 2.11589];
rx = [rx 0.692761];
ry = [ry 2.10938];
rx = [rx 0.628859];
ry = [ry 2.07851];
rx = [rx 0.71016];
ry = [ry 2.12544];
rx = [rx 0.697641];
ry = [ry 2.12189];
rx = [rx 0.714175];
ry = [ry 2.13532];
rx = [rx 0.661332];
ry = [ry 2.10619];
rx = [rx 0.707116];
ry = [ry 2.1387];
rx = [rx 0.673057];
ry = [ry 2.11964];
rx = [rx 0.739151];
ry = [ry 2.16916];
rx = [rx 0.733676];
ry = [ry 2.17016];
rx = [rx 0.701395];
ry = [ry 2.15077];
rx = [rx 0.632839];
ry = [ry 2.10133];
rx = [rx 0.667642];
ry = [ry 2.13192];
rx = [rx 0.666744];
ry = [ry 2.13462];
rx = [rx 0.650125];
