rx = [];
ry = [];
rx = [rx -0.364476];
ry = [ry 1.63347];
rx = [rx -0.437384];
ry = [ry 1.57496];
rx = [rx -0.40105];
ry = [ry 1.57246];
rx = [rx -0.34982];
ry = [ry 1.57968];
rx = [rx -0.3887];
ry = [ry 1.53546];
rx = [rx -0.354579];
ry = [ry 1.53394];
rx = [rx -0.306039];
ry = [ry 1.54282];
rx = [rx -0.352683];
ry = [ry 1.49028];
rx = [rx -0.382314];
ry = [ry 1.4466];
rx = [rx -0.32792];
ry = [ry 1.46107];
rx = [rx -0.305256];
ry = [ry 1.45422];
rx = [rx -0.348586];
ry = [ry 1.39709];
rx = [rx -0.286826];
ry = [ry 1.4209];
rx = [rx -0.366954];
ry = [ry 1.33];
rx = [rx -0.361054];
ry = [ry 1.30744];
rx = [rx -0.331104];
ry = [ry 1.30579];
rx = [rx -0.328249];
ry = [ry 1.2802];
rx = [rx -0.281127];
ry = [ry 1.2961];
rx = [rx -0.201758];
ry = [ry 1.34605];
rx = [rx -0.272207];
ry = [ry 1.24735];
rx = [rx -0.229552];
ry = [ry 1.26235];
rx = [rx -0.207809];
ry = [ry 1.25649];
rx = [rx -0.242196];
ry = [ry 1.18741];
rx = [rx -0.203977];
ry = [ry 1.19976];
rx = [rx -0.211341];
ry = [ry 1.15841];
rx = [rx -0.11367];
ry = [ry 1.24772];
rx = [rx -0.178936];
ry = [ry 1.1311];
rx = [rx -0.160381];
ry = [ry 1.12057];
rx = [rx -0.107097];
ry = [ry 1.15913];
rx = [rx -0.0931388];
ry = [ry 1.14402];
rx = [rx 0.0176384];
ry = [ry 1.27569];
rx = [rx -0.055463];
ry = [ry 1.12827];
rx = [rx -0.00445986];
ry = [ry 1.17354];
rx = [rx 0.0525599];
ry = [ry 1.23359];
rx = [rx 0.0490999];
ry = [ry 1.19185];
rx = [rx 0.116092];
ry = [ry 1.27785];
rx = [rx 0.0978218];
ry = [ry 1.20722];
rx = [rx 0.121986];
ry = [ry 1.21665];
rx = [rx 0.131107];
ry = [ry 1.1959];
rx = [rx 0.171392];
ry = [ry 1.24272];
rx = [rx 0.181641];
ry = [ry 1.22522];
rx = [rx 0.185926];
ry = [ry 1.19211];
rx = [rx 0.236408];
ry = [ry 1.27436];
rx = [rx 0.237518];
ry = [ry 1.23309];
rx = [rx 0.27176];
ry = [ry 1.28208];
rx = [rx 0.264395];
ry = [ry 1.21207];
rx = [rx 0.276955];
ry = [ry 1.19776];
rx = [rx 0.299056];
ry = [ry 1.21473];
rx = [rx 0.321119];
ry = [ry 1.23454];
rx = [rx 0.329755];
ry = [ry 1.20538];
rx = [rx 0.348392];
ry = [ry 1.21441];
rx = [rx 0.362064];
ry = [ry 1.20291];
rx = [rx 0.386767];
ry = [ry 1.24486];
rx = [rx 0.401494];
ry = [ry 1.24115];
rx = [rx 0.430689];
ry = [ry 1.32503];
rx = [rx 0.423349];
ry = [ry 1.18122];
rx = [rx 0.450824];
ry = [ry 1.26798];
rx = [rx 0.46758];
ry = [ry 1.28676];
rx = [rx 0.485592];
ry = [ry 1.32661];
rx = [rx 0.501335];
ry = [ry 1.35568];
rx = [rx 0.514586];
ry = [ry 1.36025];
rx = [rx 0.525152];
ry = [ry 1.30411];
rx = [rx 0.540166];
ry = [ry 1.35373];
rx = [rx 0.552589];
ry = [ry 1.26734];
rx = [rx 0.56671];
ry = [ry 1.29807];
rx = [rx 0.580279];
ry = [ry 1.31085];
rx = [rx 0.589394];
ry = [ry 1.41071];
rx = [rx 0.604757];
ry = [ry 1.3579];
rx = [rx 0.605639];
ry = [ry 1.50652];
rx = [rx 0.629534];
ry = [ry 1.36969];
rx = [rx 0.639379];
ry = [ry 1.39529];
rx = [rx 0.659381];
ry = [ry 1.33883];
rx = [rx 0.65327];
ry = [ry 1.46777];
rx = [rx 0.674284];
ry = [ry 1.41031];
rx = [rx 0.67933];
ry = [ry 1.4492];
rx = [rx 0.69891];
ry = [ry 1.41111];
rx = [rx 0.696146];
ry = [ry 1.47919];
rx = [rx 0.69126];
ry = [ry 1.54611];
rx = [rx 0.738797];
ry = [ry 1.40325];
rx = [rx 0.706722];
ry = [ry 1.56415];
rx = [rx 0.709448];
ry = [ry 1.5887];
rx = [rx 0.73322];
ry = [ry 1.54445];
rx = [rx 0.750926];
ry = [ry 1.52358];
rx = [rx 0.760816];
ry = [ry 1.52724];
rx = [rx 0.750762];
ry = [ry 1.58383];
rx = [rx 0.769748];
ry = [ry 1.56189];
rx = [rx 0.758501];
ry = [ry 1.61491];
rx = [rx 0.803446];
ry = [ry 1.53494];
rx = [rx 0.786018];
ry = [ry 1.59857];
rx = [rx 0.806672];
ry = [ry 1.57762];
rx = [rx 0.809321];
ry = [ry 1.59473];
rx = [rx 0.790344];
ry = [ry 1.65206];
rx = [rx 0.788606];
ry = [ry 1.6735];
rx = [rx 0.800529];
ry = [ry 1.66954];
rx = [rx 0.732251];
ry = [ry 1.8016];
rx = [rx 0.811532];
ry = [ry 1.68434];
rx = [rx 0.771669];
ry = [ry 1.76222];
rx = [rx 0.843454];
ry = [ry 1.66684];
rx = [rx 0.786623];
ry = [ry 1.76492];
rx = [rx 0.778457];
ry = [ry 1.78837];
rx = [rx 0.815964];
ry = [ry 1.74902];
rx = [rx 0.802651];
ry = [ry 1.77864];
rx = [rx 0.804931];
ry = [ry 1.787];
rx = [rx 0.776709];
ry = [ry 1.83189];
rx = [rx 0.776766];
ry = [ry 1.84102];
rx = [rx 0.87505];
ry = [ry 1.73932];
rx = [rx 0.779314];
ry = [ry 1.85557];
rx = [rx 0.783317];
ry = [ry 1.85965];
rx = [rx 0.792652];
ry = [ry 1.85831];
rx = [rx 0.861636];
ry = [ry 1.79902];
rx = [rx 0.83554];
ry = [ry 1.83386];
rx = [rx 0.745505];
ry = [ry 1.92497];
rx = [rx 0.799014];
ry = [ry 1.88378];
rx = [rx 0.824549];
ry = [ry 1.86944];
rx = [rx 0.81669];
ry = [ry 1.88379];
rx = [rx 0.863174];
ry = [ry 1.85446];
rx = [rx 0.818075];
ry = [ry 1.89743];
rx = [rx 0.763299];
ry = [ry 1.94485];
rx = [rx 0.835];
ry = [ry 1.89944];
rx = [rx 0.83475];
ry = [ry 1.9068];
rx = [rx 0.757062];
ry = [ry 1.96495];
rx = [rx 0.729407];
ry = [ry 1.9874];
rx = [rx 0.840798];
ry = [ry 1.92368];
rx = [rx 0.746513];
ry = [ry 1.9856];
rx = [rx 0.784992];
ry = [ry 1.96834];
rx = [rx 0.70835];
ry = [ry 2.01487];
rx = [rx 0.799598];
ry = [ry 1.97103];
rx = [rx 0.835359];
ry = [ry 1.95861];
rx = [rx 0.738418];
ry = [ry 2.01054];
rx = [rx 0.789804];
ry = [ry 1.9911];
rx = [rx 0.770279];
ry = [ry 2.00438];
rx = [rx 0.776852];
ry = [ry 2.00604];
rx = [rx 0.849779];
ry = [ry 1.98197];
rx = [rx 0.700277];
ry = [ry 2.04327];
rx = [rx 0.668111];
ry = [ry 2.05739];
rx = [rx 0.771816];
ry = [ry 2.02513];
rx = [rx 0.779039];
ry = [ry 2.02699];
rx = [rx 0.810743];
ry = [ry 2.0219];
rx = [rx 0.658196];
ry = [ry 2.06857];
rx = [rx 0.74205];
ry = [ry 2.04899];
rx = [rx 0.778472];
ry = [ry 2.04375];
rx = [rx 0.727352];
ry = [ry 2.059];
rx = [rx 0.726654];
ry = [ry 2.06223];
rx = [rx 0.715005];
ry = [ry 2.06742];
rx = [rx 0.756347];
ry = [ry 2.06343];
rx = [rx 0.648536];
ry = [ry 2.08282];
rx = [rx 0.716068];
ry = [ry 2.07572];
rx = [rx 0.773227];
ry = [ry 2.07215];
rx = [rx 0.731132];
ry = [ry 2.0799];
rx = [rx 0.782618];
ry = [ry 2.07903];
rx = [rx 0.699017];
ry = [ry 2.08787];
rx = [rx 0.664244];
ry = [ry 2.09177];
rx = [rx 0.661989];
ry = [ry 2.09369];
rx = [rx 0.681648];
ry = [ry 2.09539];
rx = [rx 0.696747];
ry = [ry 2.09772];
rx = [rx 0.666003];
ry = [ry 2.09926];
rx = [rx 0.705884];
ry = [ry 2.103];
rx = [rx 0.728097];
ry = [ry 2.107];
rx = [rx 0.654673];
ry = [ry 2.10403];
rx = [rx 0.759627];
ry = [ry 2.11611];
rx = [rx 0.737589];
ry = [ry 2.1171];
rx = [rx 0.685151];
ry = [ry 2.11325];
rx = [rx 0.72215];
ry = [ry 2.12115];
rx = [rx 0.701154];
ry = [ry 2.12052];
rx = [rx 0.69105];
ry = [ry 2.12121];
rx = [rx 0.670806];
ry = [ry 2.11945];
rx = [rx 0.687876];
ry = [ry 2.12535];
rx = [rx 0.741084];
ry = [ry 2.14066];
rx = [rx 0.69802];
ry = [ry 2.13281];
rx = [rx 0.744111];
ry = [ry 2.14834];
rx = [rx 0.735559];
ry = [ry 2.14931];
rx = [rx 0.720845];
ry = [ry 2.14803];
rx = [rx 0.78644];
ry = [ry 2.17331];
rx = [rx 0.761543];
ry = [ry 2.1689];
rx = [rx 0.684325];
ry = [ry 2.14384];
rx = [rx 0.651431];
ry = [ry 2.13333];
rx = [rx 0.674676];
ry = [ry 2.14493];
rx = [rx 0.736022];
ry = [ry 2.1742];
rx = [rx 0.706128];
ry = [ry 2.16423];
rx = [rx 0.677];
ry = [ry 2.1534];
rx = [rx 0.672287];
ry = [ry 2.15362];
rx = [rx 0.72397];
ry = [ry 2.18322];
rx = [rx 0.627213];
ry = [ry 2.1341];
rx = [rx 0.731642];
ry = [ry 2.19512];
rx = [rx 0.664014];
ry = [ry 2.15911];
rx = [rx 0.731838];
ry = [ry 2.20344];
rx = [rx 0.716392];
ry = [ry 2.19778];
rx = [rx 0.648718];
ry = [ry 2.1567];
rx = [rx 0.706531];
ry = [ry 2.19896];
rx = [rx 0.688018];
ry = [ry 2.18957];
rx = [rx 0.629452];
ry = [ry 2.14949];
rx = [rx 0.70282];
ry = [ry 2.20805];
rx = [rx 0.690971];
ry = [ry 2.20267];
rx = [rx 0.705312];
ry = [ry 2.21842];
rx = [rx 0.65742];
ry = [ry 2.18172];
rx = [rx 0.697825];
ry = [ry 2.22071];
rx = [rx 0.667];
ry = [ry 2.19677];
rx = [rx 0.724944];
ry = [ry 2.25562];
rx = [rx 0.719381];
ry = [ry 2.25579];
rx = [rx 0.690364];
ry = [ry 2.23178];
rx = [rx 0.629974];
ry = [ry 2.17265];
rx = [rx 0.65981];
ry = [ry 2.2081];
rx = [rx 0.658519];
ry = [ry 2.21063];
rx = [rx 0.643723];
ry = [ry 2.19733];
rx = [rx 0.681278];
ry = [ry 2.24678];
rx = [rx 0.684887];
