rx = [];
ry = [];
rx = [rx -0.365513];
ry = [ry 1.63657];
rx = [rx -0.438492];
ry = [ry 1.57815];
rx = [rx -0.402161];
ry = [ry 1.57561];
rx = [rx -0.350922];
ry = [ry 1.58276];
rx = [rx -0.389856];
ry = [ry 1.5386];
rx = [rx -0.355737];
ry = [ry 1.53703];
rx = [rx -0.307186];
ry = [ry 1.54585];
rx = [rx -0.353894];
ry = [ry 1.49336];
rx = [rx -0.383578];
ry = [ry 1.44973];
rx = [rx -0.329166];
ry = [ry 1.46413];
rx = [rx -0.306511];
ry = [ry 1.45725];
rx = [rx -0.34991];
ry = [ry 1.40018];
rx = [rx -0.288121];
ry = [ry 1.4239];
rx = [rx -0.36836];
ry = [ry 1.3331];
rx = [rx -0.362488];
ry = [ry 1.31054];
rx = [rx -0.332539];
ry = [ry 1.30886];
rx = [rx -0.329716];
ry = [ry 1.28326];
rx = [rx -0.282575];
ry = [ry 1.2991];
rx = [rx -0.203145];
ry = [ry 1.34895];
rx = [rx -0.273714];
ry = [ry 1.25034];
rx = [rx -0.23104];
ry = [ry 1.26529];
rx = [rx -0.209305];
ry = [ry 1.2594];
rx = [rx -0.243776];
ry = [ry 1.19037];
rx = [rx -0.205541];
ry = [ry 1.20267];
rx = [rx -0.212956];
ry = [ry 1.16132];
rx = [rx -0.115177];
ry = [ry 1.25052];
rx = [rx -0.180584];
ry = [ry 1.13398];
rx = [rx -0.162042];
ry = [ry 1.12342];
rx = [rx -0.108712];
ry = [ry 1.16192];
rx = [rx -0.0947713];
ry = [ry 1.14679];
rx = [rx 0.0161658];
ry = [ry 1.27833];
rx = [rx -0.0571148];
ry = [ry 1.131];
rx = [rx -0.00605658];
ry = [ry 1.17621];
rx = [rx 0.0510362];
ry = [ry 1.23619];
rx = [rx 0.0475254];
ry = [ry 1.19445];
rx = [rx 0.114622];
ry = [ry 1.28037];
rx = [rx 0.096266];
ry = [ry 1.20977];
rx = [rx 0.120442];
ry = [ry 1.21916];
rx = [rx 0.129537];
ry = [ry 1.1984];
rx = [rx 0.169879];
ry = [ry 1.24518];
rx = [rx 0.180107];
ry = [ry 1.22766];
rx = [rx 0.184352];
ry = [ry 1.19454];
rx = [rx 0.234934];
ry = [ry 1.27674];
rx = [rx 0.235993];
ry = [ry 1.23546];
rx = [rx 0.270295];
ry = [ry 1.28441];
rx = [rx 0.262845];
ry = [ry 1.21441];
rx = [rx 0.275388];
ry = [ry 1.20009];
rx = [rx 0.297509];
ry = [ry 1.21703];
rx = [rx 0.319597];
ry = [ry 1.23681];
rx = [rx 0.328197];
ry = [ry 1.20764];
rx = [rx 0.346844];
ry = [ry 1.21665];
rx = [rx 0.360503];
ry = [ry 1.20513];
rx = [rx 0.385257];
ry = [ry 1.24705];
rx = [rx 0.399979];
ry = [ry 1.24332];
rx = [rx 0.429276];
ry = [ry 1.32717];
rx = [rx 0.421761];
ry = [ry 1.18336];
rx = [rx 0.449342];
ry = [ry 1.27009];
rx = [rx 0.466121];
ry = [ry 1.28885];
rx = [rx 0.484181];
ry = [ry 1.32868];
rx = [rx 0.49996];
ry = [ry 1.35773];
rx = [rx 0.513216];
ry = [ry 1.36229];
rx = [rx 0.523714];
ry = [ry 1.30613];
rx = [rx 0.538788];
ry = [ry 1.35573];
rx = [rx 0.551106];
ry = [ry 1.26933];
rx = [rx 0.565264];
ry = [ry 1.30004];
rx = [rx 0.578848];
ry = [ry 1.31281];
rx = [rx 0.588085];
ry = [ry 1.41265];
rx = [rx 0.603384];
ry = [ry 1.35982];
rx = [rx 0.604446];
ry = [ry 1.50844];
rx = [rx 0.628176];
ry = [ry 1.37158];
rx = [rx 0.638052];
ry = [ry 1.39717];
rx = [rx 0.657985];
ry = [ry 1.34069];
rx = [rx 0.652031];
ry = [ry 1.46963];
rx = [rx 0.672975];
ry = [ry 1.41215];
rx = [rx 0.678067];
ry = [ry 1.45104];
rx = [rx 0.697601];
ry = [ry 1.41292];
rx = [rx 0.694921];
ry = [ry 1.48101];
rx = [rx 0.690116];
ry = [ry 1.54793];
rx = [rx 0.737479];
ry = [ry 1.40501];
rx = [rx 0.705599];
ry = [ry 1.56595];
rx = [rx 0.708355];
ry = [ry 1.59049];
rx = [rx 0.732073];
ry = [ry 1.54622];
rx = [rx 0.749754];
ry = [ry 1.52532];
rx = [rx 0.759649];
ry = [ry 1.52897];
rx = [rx 0.749663];
ry = [ry 1.58558];
rx = [rx 0.768623];
ry = [ry 1.56361];
rx = [rx 0.75744];
ry = [ry 1.61664];
rx = [rx 0.802288];
ry = [ry 1.53662];
rx = [rx 0.784937];
ry = [ry 1.60027];
rx = [rx 0.805566];
ry = [ry 1.5793];
rx = [rx 0.808236];
ry = [ry 1.5964];
rx = [rx 0.789329];
ry = [ry 1.65376];
rx = [rx 0.787616];
ry = [ry 1.6752];
rx = [rx 0.799534];
ry = [ry 1.67123];
rx = [rx 0.731417];
ry = [ry 1.80337];
rx = [rx 0.810555];
ry = [ry 1.68601];
rx = [rx 0.770787];
ry = [ry 1.76394];
rx = [rx 0.842457];
ry = [ry 1.66848];
rx = [rx 0.785745];
ry = [ry 1.76662];
rx = [rx 0.777607];
ry = [ry 1.79008];
rx = [rx 0.815066];
ry = [ry 1.75069];
rx = [rx 0.801789];
ry = [ry 1.78033];
rx = [rx 0.80408];
ry = [ry 1.78868];
rx = [rx 0.775912];
ry = [ry 1.8336];
rx = [rx 0.77598];
ry = [ry 1.84273];
rx = [rx 0.874141];
ry = [ry 1.74091];
rx = [rx 0.778546];
ry = [ry 1.85729];
rx = [rx 0.782554];
ry = [ry 1.86135];
rx = [rx 0.791888];
ry = [ry 1.86001];
rx = [rx 0.860799];
ry = [ry 1.80063];
rx = [rx 0.834746];
ry = [ry 1.8355];
rx = [rx 0.744821];
ry = [ry 1.92673];
rx = [rx 0.79828];
ry = [ry 1.88547];
rx = [rx 0.823798];
ry = [ry 1.8711];
rx = [rx 0.815956];
ry = [ry 1.88545];
rx = [rx 0.862405];
ry = [ry 1.85607];
rx = [rx 0.817358];
ry = [ry 1.8991];
rx = [rx 0.762639];
ry = [ry 1.94658];
rx = [rx 0.834286];
ry = [ry 1.90108];
rx = [rx 0.834044];
ry = [ry 1.90844];
rx = [rx 0.756427];
ry = [ry 1.96669];
rx = [rx 0.728799];
ry = [ry 1.98917];
rx = [rx 0.840113];
ry = [ry 1.92531];
rx = [rx 0.745903];
ry = [ry 1.98735];
rx = [rx 0.784361];
ry = [ry 1.97004];
rx = [rx 0.707776];
ry = [ry 2.01667];
rx = [rx 0.79897];
ry = [ry 1.97271];
rx = [rx 0.834716];
ry = [ry 1.96026];
rx = [rx 0.737838];
ry = [ry 2.0123];
rx = [rx 0.7892];
ry = [ry 1.9928];
rx = [rx 0.769692];
ry = [ry 2.0061];
rx = [rx 0.776266];
ry = [ry 2.00776];
rx = [rx 0.849164];
ry = [ry 1.98359];
rx = [rx 0.699737];
ry = [ry 2.04508];
rx = [rx 0.667588];
ry = [ry 2.05923];
rx = [rx 0.771254];
ry = [ry 2.02685];
rx = [rx 0.778479];
ry = [ry 2.02871];
rx = [rx 0.810177];
ry = [ry 2.02358];
rx = [rx 0.657687];
ry = [ry 2.07043];
rx = [rx 0.741517];
ry = [ry 2.05074];
rx = [rx 0.777932];
ry = [ry 2.04546];
rx = [rx 0.726831];
ry = [ry 2.06078];
rx = [rx 0.726137];
ry = [ry 2.06401];
rx = [rx 0.714494];
ry = [ry 2.06921];
rx = [rx 0.755831];
ry = [ry 2.06517];
rx = [rx 0.648045];
ry = [ry 2.08469];
rx = [rx 0.715567];
ry = [ry 2.07751];
rx = [rx 0.772722];
ry = [ry 2.07387];
rx = [rx 0.730637];
ry = [ry 2.08167];
rx = [rx 0.782122];
ry = [ry 2.08073];
rx = [rx 0.698532];
ry = [ry 2.08968];
rx = [rx 0.663763];
ry = [ry 2.09363];
rx = [rx 0.66151];
ry = [ry 2.09554];
rx = [rx 0.681172];
ry = [ry 2.09722];
rx = [rx 0.696273];
ry = [ry 2.09953];
rx = [rx 0.665531];
ry = [ry 2.10111];
rx = [rx 0.705417];
ry = [ry 2.1048];
rx = [rx 0.727634];
ry = [ry 2.10878];
rx = [rx 0.654207];
ry = [ry 2.10589];
rx = [rx 0.759175];
ry = [ry 2.11784];
rx = [rx 0.737139];
ry = [ry 2.11887];
rx = [rx 0.684696];
ry = [ry 2.11508];
rx = [rx 0.721705];
ry = [ry 2.12293];
rx = [rx 0.700708];
ry = [ry 2.12233];
rx = [rx 0.690605];
ry = [ry 2.12303];
rx = [rx 0.670359];
ry = [ry 2.1213];
rx = [rx 0.687436];
ry = [ry 2.12717];
rx = [rx 0.740662];
ry = [ry 2.14242];
rx = [rx 0.697589];
ry = [ry 2.13462];
rx = [rx 0.743699];
ry = [ry 2.1501];
rx = [rx 0.735148];
ry = [ry 2.15108];
rx = [rx 0.720433];
ry = [ry 2.14981];
rx = [rx 0.786058];
ry = [ry 2.17502];
rx = [rx 0.761156];
ry = [ry 2.17063];
rx = [rx 0.683907];
ry = [ry 2.14567];
rx = [rx 0.651001];
ry = [ry 2.1352];
rx = [rx 0.67426];
ry = [ry 2.14677];
rx = [rx 0.735641];
ry = [ry 2.17597];
rx = [rx 0.705735];
ry = [ry 2.16603];
rx = [rx 0.676594];
ry = [ry 2.15524];
rx = [rx 0.671881];
ry = [ry 2.15546];
rx = [rx 0.7236];
ry = [ry 2.185];
rx = [rx 0.626783];
ry = [ry 2.136];
rx = [rx 0.731287];
ry = [ry 2.19689];
rx = [rx 0.663615];
ry = [ry 2.16096];
rx = [rx 0.731493];
ry = [ry 2.20521];
rx = [rx 0.71604];
ry = [ry 2.19957];
rx = [rx 0.648316];
ry = [ry 2.15857];
rx = [rx 0.70618];
ry = [ry 2.20076];
rx = [rx 0.687656];
ry = [ry 2.19139];
rx = [rx 0.629042];
ry = [ry 2.15139];
rx = [rx 0.70248];
ry = [ry 2.20986];
rx = [rx 0.690625];
ry = [ry 2.20449];
rx = [rx 0.704985];
ry = [ry 2.22022];
rx = [rx 0.657048];
ry = [ry 2.18358];
rx = [rx 0.697501];
ry = [ry 2.22252];
rx = [rx 0.666647];
ry = [ry 2.19862];
rx = [rx 0.724662];
ry = [ry 2.25739];
rx = [rx 0.719099];
ry = [ry 2.25757];
rx = [rx 0.690053];
ry = [ry 2.2336];
rx = [rx 0.629592];
ry = [ry 2.17454];
rx = [rx 0.659471];
ry = [ry 2.20996];
rx = [rx 0.658182];
ry = [ry 2.21249];
rx = [rx 0.643371];
ry = [ry 2.19921];
rx = [rx 0.680986];
