rx = [];
ry = [];
rx = [rx -0.693501];
ry = [ry 2.05281];
rx = [rx -0.78018];
ry = [ry 2.01779];
rx = [rx -0.746106];
ry = [ry 2.00494];
rx = [rx -0.69497];
ry = [ry 1.99708];
rx = [rx -0.744943];
ry = [ry 1.96595];
rx = [rx -0.71271];
ry = [ry 1.95465];
rx = [rx -0.663669];
ry = [ry 1.94917];
rx = [rx -0.723478];
ry = [ry 1.9123];
rx = [rx -0.764439];
ry = [ry 1.87902];
rx = [rx -0.708183];
ry = [ry 1.87719];
rx = [rx -0.688454];
ry = [ry 1.8641];
rx = [rx -0.74641];
ry = [ry 1.82189];
rx = [rx -0.680411];
ry = [ry 1.82688];
rx = [rx -0.783336];
ry = [ry 1.76293];
rx = [rx -0.784188];
ry = [ry 1.73963];
rx = [rx -0.755983];
ry = [ry 1.72942];
rx = [rx -0.760625];
ry = [ry 1.7041];
rx = [rx -0.710922];
ry = [ry 1.70573];
rx = [rx -0.620524];
ry = [ry 1.73069];
rx = [rx -0.716429];
ry = [ry 1.65649];
rx = [rx -0.671261];
ry = [ry 1.65855];
rx = [rx -0.65213];
ry = [ry 1.64668];
rx = [rx -0.704966];
ry = [ry 1.59044];
rx = [rx -0.664809];
ry = [ry 1.59125];
rx = [rx -0.68378];
ry = [ry 1.55377];
rx = [rx -0.564512];
ry = [ry 1.61115];
rx = [rx -0.660619];
ry = [ry 1.51829];
rx = [rx -0.645887];
ry = [ry 1.50285];
rx = [rx -0.583751];
ry = [ry 1.52442];
rx = [rx -0.57474];
ry = [ry 1.50593];
rx = [rx -0.430715];
ry = [ry 1.60008];
rx = [rx -0.5432];
ry = [ry 1.47999];
rx = [rx -0.481314];
ry = [ry 1.50864];
rx = [rx -0.409408];
ry = [ry 1.54971];
rx = [rx -0.42475];
ry = [ry 1.51074];
rx = [rx -0.335815];
ry = [ry 1.57378];
rx = [rx -0.373666];
ry = [ry 1.51142];
rx = [rx -0.34781];
ry = [ry 1.51348];
rx = [rx -0.345058];
ry = [ry 1.49098];
rx = [rx -0.292986];
ry = [ry 1.52421];
rx = [rx -0.288217];
ry = [ry 1.50449];
rx = [rx -0.293656];
ry = [ry 1.47155];
rx = [rx -0.221609];
ry = [ry 1.53577];
rx = [rx -0.232444];
ry = [ry 1.49592];
rx = [rx -0.185533];
ry = [ry 1.53297];
rx = [rx -0.212764];
ry = [ry 1.46805];
rx = [rx -0.20486];
ry = [ry 1.45073];
rx = [rx -0.178806];
ry = [ry 1.46061];
rx = [rx -0.151971];
ry = [ry 1.47321];
rx = [rx -0.152104];
ry = [ry 1.44281];
rx = [rx -0.131656];
ry = [ry 1.44608];
rx = [rx -0.121879];
ry = [ry 1.43113];
rx = [rx -0.086134];
ry = [ry 1.46418];
rx = [rx -0.0731006];
ry = [ry 1.45638];
rx = [rx -0.0209699];
ry = [ry 1.52829];
rx = [rx -0.0694467];
ry = [ry 1.39269];
rx = [rx -0.0181324];
ry = [ry 1.46786];
rx = [rx 0.00332649];
ry = [ry 1.48101];
rx = [rx 0.0320589];
ry = [ry 1.51398];
rx = [rx 0.0555122];
ry = [ry 1.53728];
rx = [rx 0.0695187];
ry = [ry 1.53784];
rx = [rx 0.0634554];
ry = [ry 1.48103];
rx = [rx 0.0921318];
ry = [ry 1.52422];
rx = [rx 0.0791319];
ry = [ry 1.43792];
rx = [rx 0.10151];
ry = [ry 1.46327];
rx = [rx 0.118186];
ry = [ry 1.4716];
rx = [rx 0.155694];
ry = [ry 1.56459];
rx = [rx 0.155184];
ry = [ry 1.5096];
rx = [rx 0.198862];
ry = [ry 1.65166];
rx = [rx 0.182309];
ry = [ry 1.51375];
rx = [rx 0.199114];
ry = [ry 1.53542];
rx = [rx 0.201995];
ry = [ry 1.47559];
rx = [rx 0.233304];
ry = [ry 1.60082];
rx = [rx 0.236868];
ry = [ry 1.53975];
rx = [rx 0.252907];
ry = [ry 1.57553];
rx = [rx 0.260677];
ry = [ry 1.53341];
rx = [rx 0.277654];
ry = [ry 1.59941];
rx = [rx 0.29226];
ry = [ry 1.66489];
rx = [rx 0.296608];
ry = [ry 1.51439];
rx = [rx 0.312266];
ry = [ry 1.67771];
rx = [rx 0.32195];
ry = [ry 1.70043];
rx = [rx 0.331962];
ry = [ry 1.65121];
rx = [rx 0.342901];
ry = [ry 1.62612];
rx = [rx 0.353427];
ry = [ry 1.62677];
rx = [rx 0.360109];
ry = [ry 1.68386];
rx = [rx 0.371966];
ry = [ry 1.65738];
rx = [rx 0.376476];
ry = [ry 1.71139];
rx = [rx 0.396466];
ry = [ry 1.62186];
rx = [rx 0.398117];
ry = [ry 1.68782];
rx = [rx 0.411857];
ry = [ry 1.6618];
rx = [rx 0.419324];
ry = [ry 1.67742];
rx = [rx 0.417677];
ry = [ry 1.73779];
rx = [rx 0.42219];
ry = [ry 1.75882];
rx = [rx 0.432466];
ry = [ry 1.75159];
rx = [rx 0.405146];
ry = [ry 1.89773];
rx = [rx 0.447267];
ry = [ry 1.76259];
rx = [rx 0.431541];
ry = [ry 1.84865];
rx = [rx 0.472792];
ry = [ry 1.73664];
rx = [rx 0.44664];
ry = [ry 1.84693];
rx = [rx 0.445578];
ry = [ry 1.87174];
rx = [rx 0.470153];
ry = [ry 1.82325];
rx = [rx 0.465942];
ry = [ry 1.85545];
rx = [rx 0.470534];
ry = [ry 1.8628];
rx = [rx 0.456447];
ry = [ry 1.91392];
rx = [rx 0.459132];
ry = [ry 1.92264];
rx = [rx 0.523936];
ry = [ry 1.79693];
rx = [rx 0.465767];
ry = [ry 1.93585];
rx = [rx 0.470775];
ry = [ry 1.93859];
rx = [rx 0.479329];
ry = [ry 1.93462];
rx = [rx 0.528297];
ry = [ry 1.85797];
rx = [rx 0.51335];
ry = [ry 1.89885];
rx = [rx 0.453394];
ry = [ry 2.01204];
rx = [rx 0.49276];
ry = [ry 1.95718];
rx = [rx 0.513079];
ry = [ry 1.93609];
rx = [rx 0.50969];
ry = [ry 1.95209];
rx = [rx 0.545747];
ry = [ry 1.91061];
rx = [rx 0.514948];
ry = [ry 1.96476];
rx = [rx 0.476162];
ry = [ry 2.02595];
rx = [rx 0.531734];
ry = [ry 1.9618];
rx = [rx 0.533615];
ry = [ry 1.96892];
rx = [rx 0.475983];
ry = [ry 2.047];
rx = [rx 0.455971];
ry = [ry 2.07647];
rx = [rx 0.54427];
ry = [ry 1.98334];
rx = [rx 0.471833];
ry = [ry 2.06981];
rx = [rx 0.503704];
ry = [ry 2.04219];
rx = [rx 0.443726];
ry = [ry 2.10884];
rx = [rx 0.518465];
ry = [ry 2.04055];
rx = [rx 0.549131];
ry = [ry 2.01836];
rx = [rx 0.471268];
ry = [ry 2.09602];
rx = [rx 0.514873];
ry = [ry 2.0626];
rx = [rx 0.500002];
ry = [ry 2.08094];
rx = [rx 0.506776];
ry = [ry 2.08064];
rx = [rx 0.56967];
ry = [ry 2.03657];
rx = [rx 0.444181];
ry = [ry 2.13836];
rx = [rx 0.417446];
ry = [ry 2.16115];
rx = [rx 0.507453];
ry = [ry 2.10037];
rx = [rx 0.514908];
ry = [ry 2.10007];
rx = [rx 0.543801];
ry = [ry 2.08606];
rx = [rx 0.411176];
ry = [ry 2.17471];
rx = [rx 0.485827];
ry = [ry 2.13179];
rx = [rx 0.519194];
ry = [ry 2.11628];
rx = [rx 0.474639];
ry = [ry 2.14562];
rx = [rx 0.474903];
ry = [ry 2.14891];
rx = [rx 0.465242];
ry = [ry 2.15724];
rx = [rx 0.503681];
ry = [ry 2.14151];
rx = [rx 0.406033];
ry = [ry 2.19114];
rx = [rx 0.468652];
ry = [ry 2.16488];
rx = [rx 0.522358];
ry = [ry 2.14499];
rx = [rx 0.484282];
ry = [ry 2.16454];
rx = [rx 0.533332];
ry = [ry 2.14887];
rx = [rx 0.455827];
ry = [ry 2.18143];
rx = [rx 0.423655];
ry = [ry 2.19519];
rx = [rx 0.422047];
ry = [ry 2.19767];
rx = [rx 0.441361];
ry = [ry 2.19363];
rx = [rx 0.456491];
ry = [ry 2.19151];
rx = [rx 0.427497];
ry = [ry 2.20185];
rx = [rx 0.466762];
ry = [ry 2.19393];
rx = [rx 0.489187];
ry = [ry 2.19137];
rx = [rx 0.418021];
ry = [ry 2.20968];
rx = [rx 0.522002];
ry = [ry 2.191];
rx = [rx 0.501188];
ry = [ry 2.1983];
rx = [rx 0.449865];
ry = [ry 2.20973];
rx = [rx 0.487569];
ry = [ry 2.20663];
rx = [rx 0.467284];
ry = [ry 2.21208];
rx = [rx 0.457806];
ry = [ry 2.21565];
rx = [rx 0.437916];
ry = [ry 2.2198];
rx = [rx 0.45596];
ry = [ry 2.22053];
rx = [rx 0.511322];
ry = [ry 2.21985];
rx = [rx 0.467823];
ry = [ry 2.22475];
rx = [rx 0.516436];
ry = [ry 2.22634];
rx = [rx 0.508525];
ry = [ry 2.22973];
rx = [rx 0.494067];
ry = [ry 2.23275];
rx = [rx 0.564165];
ry = [ry 2.23805];
rx = [rx 0.539053];
ry = [ry 2.241];
rx = [rx 0.45789];
ry = [ry 2.23926];
rx = [rx 0.423362];
ry = [ry 2.23867];
rx = [rx 0.448965];
ry = [ry 2.24309];
rx = [rx 0.516143];
ry = [ry 2.25343];
rx = [rx 0.484642];
ry = [ry 2.2525];
rx = [rx 0.453631];
ry = [ry 2.25053];
rx = [rx 0.449181];
ry = [ry 2.25209];
rx = [rx 0.5072];
ry = [ry 2.26554];
rx = [rx 0.400392];
ry = [ry 2.24639];
rx = [rx 0.517976];
ry = [ry 2.27472];
rx = [rx 0.442841];
ry = [ry 2.25973];
rx = [rx 0.520563];
ry = [ry 2.28264];
rx = [rx 0.504142];
ry = [ry 2.28167];
rx = [rx 0.427498];
ry = [ry 2.26183];
rx = [rx 0.495039];
ry = [ry 2.28564];
rx = [rx 0.474605];
ry = [ry 2.28198];
rx = [rx 0.406974];
ry = [ry 2.26049];
rx = [rx 0.494105];
ry = [ry 2.29542];
rx = [rx 0.481209];
ry = [ry 2.29368];
rx = [rx 0.49948];
ry = [ry 2.30463];
rx = [rx 0.443042];
ry = [ry 2.28328];
rx = [rx 0.492972];
ry = [ry 2.30898];
rx = [rx 0.456554];
ry = [ry 2.29494];
rx = [rx 0.528999];
ry = [ry 2.33459];
rx = [rx 0.523721];
ry = [ry 2.33635];
rx = [rx 0.489017];
ry = [ry 2.32173];
rx = [rx 0.414147];
ry = [ry 2.28251];
rx = [rx 0.452934];
ry = [ry 2.30786];
rx = [rx 0.452427];
ry = [ry 2.31065];
rx = [rx 0.434426];
ry = [ry 2.30218];
