rx = [];
ry = [];
rx = [rx -0.363653];
ry = [ry 1.63417];
rx = [rx -0.436557];
ry = [ry 1.57565];
rx = [rx -0.400222];
ry = [ry 1.57316];
rx = [rx -0.348993];
ry = [ry 1.58038];
rx = [rx -0.387869];
ry = [ry 1.53616];
rx = [rx -0.353749];
ry = [ry 1.53464];
rx = [rx -0.305209];
ry = [ry 1.54352];
rx = [rx -0.351849];
ry = [ry 1.49097];
rx = [rx -0.381477];
ry = [ry 1.4473];
rx = [rx -0.327084];
ry = [ry 1.46177];
rx = [rx -0.304419];
ry = [ry 1.45492];
rx = [rx -0.347745];
ry = [ry 1.39779];
rx = [rx -0.285987];
ry = [ry 1.4216];
rx = [rx -0.366108];
ry = [ry 1.3307];
rx = [rx -0.360207];
ry = [ry 1.30814];
rx = [rx -0.330256];
ry = [ry 1.30649];
rx = [rx -0.3274];
ry = [ry 1.2809];
rx = [rx -0.280279];
ry = [ry 1.2968];
rx = [rx -0.200914];
ry = [ry 1.34676];
rx = [rx -0.271356];
ry = [ry 1.24806];
rx = [rx -0.228701];
ry = [ry 1.26306];
rx = [rx -0.206958];
ry = [ry 1.2572];
rx = [rx -0.24134];
ry = [ry 1.18812];
rx = [rx -0.203121];
ry = [ry 1.20047];
rx = [rx -0.210483];
ry = [ry 1.15912];
rx = [rx -0.112818];
ry = [ry 1.24844];
rx = [rx -0.178076];
ry = [ry 1.13181];
rx = [rx -0.159519];
ry = [ry 1.12128];
rx = [rx -0.106239];
ry = [ry 1.15984];
rx = [rx -0.0922793];
ry = [ry 1.14473];
rx = [rx 0.0184879];
ry = [ry 1.27641];
rx = [rx -0.0546024];
ry = [ry 1.12899];
rx = [rx -0.00360259];
ry = [ry 1.17427];
rx = [rx 0.0534127];
ry = [ry 1.23432];
rx = [rx 0.0499558];
ry = [ry 1.19258];
rx = [rx 0.116942];
ry = [ry 1.27859];
rx = [rx 0.0986766];
ry = [ry 1.20796];
rx = [rx 0.12284];
ry = [ry 1.21738];
rx = [rx 0.131963];
ry = [ry 1.19663];
rx = [rx 0.172244];
ry = [ry 1.24346];
rx = [rx 0.182494];
ry = [ry 1.22596];
rx = [rx 0.186782];
ry = [ry 1.19285];
rx = [rx 0.237258];
ry = [ry 1.27511];
rx = [rx 0.238371];
ry = [ry 1.23383];
rx = [rx 0.272609];
ry = [ry 1.28283];
rx = [rx 0.265249];
ry = [ry 1.21282];
rx = [rx 0.27781];
ry = [ry 1.19851];
rx = [rx 0.29991];
ry = [ry 1.21548];
rx = [rx 0.321972];
ry = [ry 1.23528];
rx = [rx 0.33061];
ry = [ry 1.20613];
rx = [rx 0.349246];
ry = [ry 1.21516];
rx = [rx 0.362919];
ry = [ry 1.20366];
rx = [rx 0.387619];
ry = [ry 1.24561];
rx = [rx 0.402346];
ry = [ry 1.24191];
rx = [rx 0.431535];
ry = [ry 1.32579];
rx = [rx 0.424206];
ry = [ry 1.18197];
rx = [rx 0.451674];
ry = [ry 1.26874];
rx = [rx 0.468429];
ry = [ry 1.28752];
rx = [rx 0.486438];
ry = [ry 1.32737];
rx = [rx 0.502179];
ry = [ry 1.35644];
rx = [rx 0.51543];
ry = [ry 1.36102];
rx = [rx 0.526];
ry = [ry 1.30487];
rx = [rx 0.54101];
ry = [ry 1.35449];
rx = [rx 0.553439];
ry = [ry 1.26811];
rx = [rx 0.567558];
ry = [ry 1.29884];
rx = [rx 0.581126];
ry = [ry 1.31162];
rx = [rx 0.590234];
ry = [ry 1.41148];
rx = [rx 0.6056];
ry = [ry 1.35867];
rx = [rx 0.606471];
ry = [ry 1.50729];
rx = [rx 0.630377];
ry = [ry 1.37046];
rx = [rx 0.64022];
ry = [ry 1.39606];
rx = [rx 0.660226];
ry = [ry 1.3396];
rx = [rx 0.654105];
ry = [ry 1.46854];
rx = [rx 0.675124];
ry = [ry 1.41109];
rx = [rx 0.680166];
ry = [ry 1.44998];
rx = [rx 0.699749];
ry = [ry 1.41188];
rx = [rx 0.696981];
ry = [ry 1.47997];
rx = [rx 0.69209];
ry = [ry 1.54688];
rx = [rx 0.739637];
ry = [ry 1.40403];
rx = [rx 0.70755];
ry = [ry 1.56493];
rx = [rx 0.710274];
ry = [ry 1.58947];
rx = [rx 0.734049];
ry = [ry 1.54523];
rx = [rx 0.751757];
ry = [ry 1.52436];
rx = [rx 0.761647];
ry = [ry 1.52802];
rx = [rx 0.751588];
ry = [ry 1.58461];
rx = [rx 0.770576];
ry = [ry 1.56267];
rx = [rx 0.759325];
ry = [ry 1.61569];
rx = [rx 0.804276];
ry = [ry 1.53572];
rx = [rx 0.786843];
ry = [ry 1.59935];
rx = [rx 0.807499];
ry = [ry 1.57841];
rx = [rx 0.810147];
ry = [ry 1.59551];
rx = [rx 0.791166];
ry = [ry 1.65285];
rx = [rx 0.789426];
ry = [ry 1.67428];
rx = [rx 0.801349];
ry = [ry 1.67032];
rx = [rx 0.733061];
ry = [ry 1.80238];
rx = [rx 0.812351];
ry = [ry 1.68512];
rx = [rx 0.772482];
ry = [ry 1.763];
rx = [rx 0.844274];
ry = [ry 1.66763];
rx = [rx 0.787436];
ry = [ry 1.76571];
rx = [rx 0.779268];
ry = [ry 1.78915];
rx = [rx 0.816778];
ry = [ry 1.74981];
rx = [rx 0.803463];
ry = [ry 1.77943];
rx = [rx 0.805742];
ry = [ry 1.78778];
rx = [rx 0.777517];
ry = [ry 1.83267];
rx = [rx 0.777573];
ry = [ry 1.8418];
rx = [rx 0.875865];
ry = [ry 1.74011];
rx = [rx 0.78012];
ry = [ry 1.85636];
rx = [rx 0.784123];
ry = [ry 1.86043];
rx = [rx 0.793458];
ry = [ry 1.8591];
rx = [rx 0.862447];
ry = [ry 1.79981];
rx = [rx 0.836348];
ry = [ry 1.83465];
rx = [rx 0.746306];
ry = [ry 1.92575];
rx = [rx 0.799818];
ry = [ry 1.88456];
rx = [rx 0.825354];
ry = [ry 1.87023];
rx = [rx 0.817494];
ry = [ry 1.88457];
rx = [rx 0.86398];
ry = [ry 1.85525];
rx = [rx 0.818878];
ry = [ry 1.89822];
rx = [rx 0.764098];
ry = [ry 1.94563];
rx = [rx 0.835803];
ry = [ry 1.90023];
rx = [rx 0.835553];
ry = [ry 1.90759];
rx = [rx 0.75786];
ry = [ry 1.96573];
rx = [rx 0.730203];
ry = [ry 1.98818];
rx = [rx 0.841599];
ry = [ry 1.92447];
rx = [rx 0.747309];
ry = [ry 1.98638];
rx = [rx 0.785789];
ry = [ry 1.96912];
rx = [rx 0.709144];
ry = [ry 2.01565];
rx = [rx 0.800396];
ry = [ry 1.97181];
rx = [rx 0.836157];
ry = [ry 1.9594];
rx = [rx 0.739212];
ry = [ry 2.01132];
rx = [rx 0.7906];
ry = [ry 1.99189];
rx = [rx 0.771074];
ry = [ry 2.00516];
rx = [rx 0.777646];
ry = [ry 2.00683];
rx = [rx 0.850575];
ry = [ry 1.98276];
rx = [rx 0.701069];
ry = [ry 2.04405];
rx = [rx 0.668901];
ry = [ry 2.05816];
rx = [rx 0.772609];
ry = [ry 2.02591];
rx = [rx 0.779832];
ry = [ry 2.02778];
rx = [rx 0.811536];
ry = [ry 2.02269];
rx = [rx 0.658986];
ry = [ry 2.06935];
rx = [rx 0.742841];
ry = [ry 2.04977];
rx = [rx 0.779264];
ry = [ry 2.04453];
rx = [rx 0.728143];
ry = [ry 2.05978];
rx = [rx 0.727445];
ry = [ry 2.06301];
rx = [rx 0.715795];
ry = [ry 2.0682];
rx = [rx 0.757137];
ry = [ry 2.06422];
rx = [rx 0.649325];
ry = [ry 2.08359];
rx = [rx 0.716857];
ry = [ry 2.0765];
rx = [rx 0.774017];
ry = [ry 2.07294];
rx = [rx 0.731921];
ry = [ry 2.08068];
rx = [rx 0.783408];
ry = [ry 2.07981];
rx = [rx 0.699806];
ry = [ry 2.08865];
rx = [rx 0.665032];
ry = [ry 2.09255];
rx = [rx 0.662777];
ry = [ry 2.09446];
rx = [rx 0.682436];
ry = [ry 2.09616];
rx = [rx 0.697535];
ry = [ry 2.0985];
rx = [rx 0.66679];
ry = [ry 2.10004];
rx = [rx 0.706672];
ry = [ry 2.10377];
rx = [rx 0.728884];
ry = [ry 2.10778];
rx = [rx 0.65546];
ry = [ry 2.1048];
rx = [rx 0.760413];
ry = [ry 2.11689];
rx = [rx 0.738376];
ry = [ry 2.11788];
rx = [rx 0.685937];
ry = [ry 2.11403];
rx = [rx 0.722936];
ry = [ry 2.12193];
rx = [rx 0.70194];
ry = [ry 2.1213];
rx = [rx 0.691836];
ry = [ry 2.12199];
rx = [rx 0.671593];
ry = [ry 2.12023];
rx = [rx 0.688662];
ry = [ry 2.12612];
rx = [rx 0.741869];
ry = [ry 2.14144];
rx = [rx 0.698805];
ry = [ry 2.13359];
rx = [rx 0.744895];
ry = [ry 2.14912];
rx = [rx 0.736343];
ry = [ry 2.15009];
rx = [rx 0.721629];
ry = [ry 2.14881];
rx = [rx 0.787222];
ry = [ry 2.1741];
rx = [rx 0.762326];
ry = [ry 2.16968];
rx = [rx 0.685109];
ry = [ry 2.14462];
rx = [rx 0.652216];
ry = [ry 2.1341];
rx = [rx 0.675461];
ry = [ry 2.14571];
rx = [rx 0.736804];
ry = [ry 2.17498];
rx = [rx 0.70691];
ry = [ry 2.165];
rx = [rx 0.677784];
ry = [ry 2.15418];
rx = [rx 0.67307];
ry = [ry 2.1544];
rx = [rx 0.724751];
ry = [ry 2.184];
rx = [rx 0.627998];
ry = [ry 2.13487];
rx = [rx 0.732422];
ry = [ry 2.1959];
rx = [rx 0.664797];
ry = [ry 2.15989];
rx = [rx 0.732618];
ry = [ry 2.20422];
rx = [rx 0.717172];
ry = [ry 2.19856];
rx = [rx 0.649502];
ry = [ry 2.15747];
rx = [rx 0.707311];
ry = [ry 2.19974];
rx = [rx 0.688799];
ry = [ry 2.19035];
rx = [rx 0.630236];
ry = [ry 2.15027];
rx = [rx 0.703599];
ry = [ry 2.20883];
rx = [rx 0.691751];
ry = [ry 2.20345];
rx = [rx 0.706091];
ry = [ry 2.2192];
rx = [rx 0.658201];
ry = [ry 2.18249];
rx = [rx 0.698604];
ry = [ry 2.22149];
rx = [rx 0.667781];
ry = [ry 2.19755];
rx = [rx 0.72572];
ry = [ry 2.2564];
rx = [rx 0.720156];
ry = [ry 2.25657];
rx = [rx 0.691141];
ry = [ry 2.23256];
rx = [rx 0.630756];
ry = [ry 2.17342];
rx = [rx 0.66059];
ry = [ry 2.20887];
rx = [rx 0.659298];
ry = [ry 2.21141];
rx = [rx 0.644503];
ry = [ry 2.19811];
rx = [rx 0.682055];
ry = [ry 2.24755];
