rx = [];
ry = [];
rx = [rx -0.386395];
ry = [ry 1.65842];
rx = [rx -0.461272];
ry = [ry 1.60245];
rx = [rx -0.425045];
ry = [ry 1.5987];
rx = [rx -0.373597];
ry = [ry 1.60416];
rx = [rx -0.413974];
ry = [ry 1.5613];
rx = [rx -0.379926];
ry = [ry 1.55861];
rx = [rx -0.331109];
ry = [ry 1.56581];
rx = [rx -0.379532];
ry = [ry 1.5149];
rx = [rx -0.410647];
ry = [ry 1.47227];
rx = [rx -0.355787];
ry = [ry 1.48486];
rx = [rx -0.333372];
ry = [ry 1.47724];
rx = [rx -0.378641];
ry = [ry 1.42164];
rx = [rx -0.316099];
ry = [ry 1.4433];
rx = [rx -0.399304];
ry = [ry 1.35521];
rx = [rx -0.394184];
ry = [ry 1.33247];
rx = [rx -0.364307];
ry = [ry 1.32979];
rx = [rx -0.362334];
ry = [ry 1.30412];
rx = [rx -0.314694];
ry = [ry 1.31838];
rx = [rx -0.233655];
ry = [ry 1.36557];
rx = [rx -0.307455];
ry = [ry 1.26936];
rx = [rx -0.264309];
ry = [ry 1.28288];
rx = [rx -0.242781];
ry = [ry 1.27628];
rx = [rx -0.279522];
ry = [ry 1.20842];
rx = [rx -0.240901];
ry = [ry 1.21945];
rx = [rx -0.249683];
ry = [ry 1.17837];
rx = [rx -0.148999];
ry = [ry 1.26428];
rx = [rx -0.218236];
ry = [ry 1.14997];
rx = [rx -0.200053];
ry = [ry 1.1388];
rx = [rx -0.145476];
ry = [ry 1.17551];
rx = [rx -0.132045];
ry = [ry 1.15993];
rx = [rx -0.0168067];
ry = [ry 1.28771];
rx = [rx -0.0949327];
ry = [ry 1.1429];
rx = [rx -0.0424034];
ry = [ry 1.18639];
rx = [rx 0.016647];
ry = [ry 1.24444];
rx = [rx 0.0117542];
ry = [ry 1.20284];
rx = [rx 0.0816634];
ry = [ry 1.28649];
rx = [rx 0.0609757];
ry = [ry 1.21653];
rx = [rx 0.0854496];
ry = [ry 1.22512];
rx = [rx 0.0938517];
ry = [ry 1.20407];
rx = [rx 0.135723];
ry = [ry 1.24948];
rx = [rx 0.145364];
ry = [ry 1.23163];
rx = [rx 0.148508];
ry = [ry 1.1984];
rx = [rx 0.201788];
ry = [ry 1.27887];
rx = [rx 0.201478];
ry = [ry 1.23758];
rx = [rx 0.237385];
ry = [ry 1.28537];
rx = [rx 0.227617];
ry = [ry 1.21565];
rx = [rx 0.239678];
ry = [ry 1.20092];
rx = [rx 0.262349];
ry = [ry 1.21712];
rx = [rx 0.28508];
ry = [ry 1.23615];
rx = [rx 0.292709];
ry = [ry 1.20672];
rx = [rx 0.311645];
ry = [ry 1.2151];
rx = [rx 0.324913];
ry = [ry 1.20314];
rx = [rx 0.351044];
ry = [ry 1.24421];
rx = [rx 0.365635];
ry = [ry 1.24];
rx = [rx 0.397696];
ry = [ry 1.32283];
rx = [rx 0.385416];
ry = [ry 1.17935];
rx = [rx 0.415858];
ry = [ry 1.26511];
rx = [rx 0.43325];
ry = [ry 1.28331];
rx = [rx 0.452621];
ry = [ry 1.32252];
rx = [rx 0.469354];
ry = [ry 1.35103];
rx = [rx 0.482755];
ry = [ry 1.35514];
rx = [rx 0.491384];
ry = [ry 1.29867];
rx = [rx 0.508095];
ry = [ry 1.34774];
rx = [rx 0.517541];
ry = [ry 1.26098];
rx = [rx 0.53271];
ry = [ry 1.29121];
rx = [rx 0.54671];
ry = [ry 1.30351];
rx = [rx 0.559253];
ry = [ry 1.403];
rx = [rx 0.572791];
ry = [ry 1.34969];
rx = [rx 0.578782];
ry = [ry 1.49819];
rx = [rx 0.597959];
ry = [ry 1.36062];
rx = [rx 0.608678];
ry = [ry 1.38587];
rx = [rx 0.626727];
ry = [ry 1.32875];
rx = [rx 0.625053];
ry = [ry 1.45782];
rx = [rx 0.644079];
ry = [ry 1.39968];
rx = [rx 0.650458];
ry = [ry 1.43838];
rx = [rx 0.668717];
ry = [ry 1.39963];
rx = [rx 0.668296];
ry = [ry 1.46777];
rx = [rx 0.665714];
ry = [ry 1.53481];
rx = [rx 0.708311];
ry = [ry 1.39041];
rx = [rx 0.681786];
ry = [ry 1.55231];
rx = [rx 0.685354];
ry = [ry 1.57675];
rx = [rx 0.707591];
ry = [ry 1.53172];
rx = [rx 0.724569];
ry = [ry 1.51024];
rx = [rx 0.73458];
ry = [ry 1.51357];
rx = [rx 0.726477];
ry = [ry 1.57047];
rx = [rx 0.744698];
ry = [ry 1.54789];
rx = [rx 0.73528];
ry = [ry 1.60126];
rx = [rx 0.777449];
ry = [ry 1.51979];
rx = [rx 0.762218];
ry = [ry 1.58399];
rx = [rx 0.78214];
ry = [ry 1.56234];
rx = [rx 0.785376];
ry = [ry 1.57934];
rx = [rx 0.768382];
ry = [ry 1.6373];
rx = [rx 0.767381];
ry = [ry 1.65878];
rx = [rx 0.779161];
ry = [ry 1.65442];
rx = [rx 0.715463];
ry = [ry 1.78875];
rx = [rx 0.790666];
ry = [ry 1.66883];
rx = [rx 0.753504];
ry = [ry 1.74803];
rx = [rx 0.821968];
ry = [ry 1.65024];
rx = [rx 0.768542];
ry = [ry 1.75022];
rx = [rx 0.761187];
ry = [ry 1.77393];
rx = [rx 0.797319];
ry = [ry 1.73332];
rx = [rx 0.785033];
ry = [ry 1.76338];
rx = [rx 0.787599];
ry = [ry 1.77165];
rx = [rx 0.760936];
ry = [ry 1.81749];
rx = [rx 0.761307];
ry = [ry 1.82661];
rx = [rx 0.856037];
ry = [ry 1.72159];
rx = [rx 0.764354];
ry = [ry 1.84107];
rx = [rx 0.768495];
ry = [ry 1.845];
rx = [rx 0.777779];
ry = [ry 1.84335];
rx = [rx 0.844684];
ry = [ry 1.78172];
rx = [rx 0.819801];
ry = [ry 1.81744];
rx = [rx 0.732951];
ry = [ry 1.91159];
rx = [rx 0.785012];
ry = [ry 1.86858];
rx = [rx 0.810039];
ry = [ry 1.85337];
rx = [rx 0.802678];
ry = [ry 1.86798];
rx = [rx 0.848126];
ry = [ry 1.83707];
rx = [rx 0.804531];
ry = [ry 1.88157];
rx = [rx 0.751417];
ry = [ry 1.93085];
rx = [rx 0.821516];
ry = [ry 1.883];
rx = [rx 0.821519];
ry = [ry 1.89036];
rx = [rx 0.745875];
ry = [ry 1.95115];
rx = [rx 0.719008];
ry = [ry 1.97454];
rx = [rx 0.828143];
ry = [ry 1.90702];
rx = [rx 0.736043];
ry = [ry 1.97215];
rx = [rx 0.773905];
ry = [ry 1.95357];
rx = [rx 0.698909];
ry = [ry 2.00272];
rx = [rx 0.788595];
ry = [ry 1.95576];
rx = [rx 0.823908];
ry = [ry 1.94212];
rx = [rx 0.728809];
ry = [ry 1.99735];
rx = [rx 0.779497];
ry = [ry 1.97616];
rx = [rx 0.76044];
ry = [ry 1.9901];
rx = [rx 0.767066];
ry = [ry 1.99154];
rx = [rx 0.839122];
ry = [ry 1.96497];
rx = [rx 0.691817];
ry = [ry 2.03138];
rx = [rx 0.660154];
ry = [ry 2.04659];
rx = [rx 0.762689];
ry = [ry 2.01078];
rx = [rx 0.769972];
ry = [ry 2.0124];
rx = [rx 0.801483];
ry = [ry 2.00622];
rx = [rx 0.65063];
ry = [ry 2.05811];
rx = [rx 0.733761];
ry = [ry 2.03565];
rx = [rx 0.769981];
ry = [ry 2.02916];
rx = [rx 0.719416];
ry = [ry 2.04616];
rx = [rx 0.71883];
ry = [ry 2.04942];
rx = [rx 0.707365];
ry = [ry 2.055];
rx = [rx 0.748546];
ry = [ry 2.0496];
rx = [rx 0.641466];
ry = [ry 2.07268];
rx = [rx 0.708713];
ry = [ry 2.06326];
rx = [rx 0.765716];
ry = [ry 2.05773];
rx = [rx 0.723913];
ry = [ry 2.06692];
rx = [rx 0.775338];
ry = [ry 2.06428];
rx = [rx 0.692091];
ry = [ry 2.07599];
rx = [rx 0.657472];
ry = [ry 2.08109];
rx = [rx 0.655284];
ry = [ry 2.08308];
rx = [rx 0.67499];
ry = [ry 2.0841];
rx = [rx 0.69016];
ry = [ry 2.08591];
rx = [rx 0.659487];
ry = [ry 2.08851];
rx = [rx 0.699474];
ry = [ry 2.09087];
rx = [rx 0.721811];
ry = [ry 2.09411];
rx = [rx 0.648328];
ry = [ry 2.09366];
rx = [rx 0.753635];
ry = [ry 2.10213];
rx = [rx 0.731645];
ry = [ry 2.10388];
rx = [rx 0.679105];
ry = [ry 2.10184];
rx = [rx 0.716354];
ry = [ry 2.10845];
rx = [rx 0.695349];
ry = [ry 2.10855];
rx = [rx 0.685274];
ry = [ry 2.10958];
rx = [rx 0.664982];
ry = [ry 2.10852];
rx = [rx 0.682245];
ry = [ry 2.11383];
rx = [rx 0.735947];
ry = [ry 2.1273];
rx = [rx 0.692639];
ry = [ry 2.12094];
rx = [rx 0.739236];
ry = [ry 2.13488];
rx = [rx 0.730723];
ry = [ry 2.13614];
rx = [rx 0.715974];
ry = [ry 2.13536];
rx = [rx 0.782399];
ry = [ry 2.15838];
rx = [rx 0.757365];
ry = [ry 2.15482];
rx = [rx 0.679331];
ry = [ry 2.13244];
rx = [rx 0.646095];
ry = [ry 2.12306];
rx = [rx 0.669726];
ry = [ry 2.13386];
rx = [rx 0.732042];
ry = [ry 2.161];
rx = [rx 0.701822];
ry = [ry 2.15206];
rx = [rx 0.67234];
ry = [ry 2.14224];
rx = [rx 0.667636];
ry = [ry 2.14262];
rx = [rx 0.720306];
ry = [ry 2.17042];
rx = [rx 0.621918];
ry = [ry 2.12466];
rx = [rx 0.728383];
ry = [ry 2.18205];
rx = [rx 0.659557];
ry = [ry 2.14839];
rx = [rx 0.728865];
ry = [ry 2.19036];
rx = [rx 0.713234];
ry = [ry 2.18524];
rx = [rx 0.644188];
ry = [ry 2.1465];
rx = [rx 0.703419];
ry = [ry 2.18676];
rx = [rx 0.684594];
ry = [ry 2.17801];
rx = [rx 0.624685];
ry = [ry 2.13997];
rx = [rx 0.700022];
ry = [ry 2.19597];
rx = [rx 0.687996];
ry = [ry 2.191];
rx = [rx 0.70287];
ry = [ry 2.20625];
rx = [rx 0.653744];
ry = [ry 2.17121];
rx = [rx 0.695466];
ry = [ry 2.20879];
rx = [rx 0.663836];
ry = [ry 2.18593];
rx = [rx 0.723769];
ry = [ry 2.24275];
rx = [rx 0.718215];
ry = [ry 2.24311];
rx = [rx 0.68839];
ry = [ry 2.22012];
rx = [rx 0.626003];
ry = [ry 2.16309];
rx = [rx 0.65704];
ry = [ry 2.1975];
rx = [rx 0.655836];
ry = [ry 2.20007];
rx = [rx 0.640592];
ry = [ry 2.18729];
rx = [rx 0.679825];
