rx = [];
ry = [];
rx = [rx -0.365567];
ry = [ry 1.63451];
rx = [rx -0.438476];
ry = [ry 1.576];
rx = [rx -0.402142];
ry = [ry 1.57351];
rx = [rx -0.350912];
ry = [ry 1.58072];
rx = [rx -0.389792];
ry = [ry 1.53651];
rx = [rx -0.355671];
ry = [ry 1.53498];
rx = [rx -0.307131];
ry = [ry 1.54386];
rx = [rx -0.353776];
ry = [ry 1.49132];
rx = [rx -0.383407];
ry = [ry 1.44764];
rx = [rx -0.329013];
ry = [ry 1.46211];
rx = [rx -0.306349];
ry = [ry 1.45526];
rx = [rx -0.34968];
ry = [ry 1.39814];
rx = [rx -0.287919];
ry = [ry 1.42194];
rx = [rx -0.368048];
ry = [ry 1.33104];
rx = [rx -0.362149];
ry = [ry 1.30848];
rx = [rx -0.332198];
ry = [ry 1.30684];
rx = [rx -0.329344];
ry = [ry 1.28125];
rx = [rx -0.282223];
ry = [ry 1.29714];
rx = [rx -0.202853];
ry = [ry 1.34709];
rx = [rx -0.273303];
ry = [ry 1.24839];
rx = [rx -0.230647];
ry = [ry 1.26339];
rx = [rx -0.208905];
ry = [ry 1.25753];
rx = [rx -0.243292];
ry = [ry 1.18845];
rx = [rx -0.205073];
ry = [ry 1.2008];
rx = [rx -0.212438];
ry = [ry 1.15945];
rx = [rx -0.114766];
ry = [ry 1.24876];
rx = [rx -0.180033];
ry = [ry 1.13214];
rx = [rx -0.161478];
ry = [ry 1.12161];
rx = [rx -0.108194];
ry = [ry 1.16017];
rx = [rx -0.0942355];
ry = [ry 1.14506];
rx = [rx 0.0165431];
ry = [ry 1.27673];
rx = [rx -0.0565599];
ry = [ry 1.12931];
rx = [rx -0.00555624];
ry = [ry 1.17458];
rx = [rx 0.0514642];
ry = [ry 1.23463];
rx = [rx 0.0480037];
ry = [ry 1.19289];
rx = [rx 0.114997];
ry = [ry 1.27889];
rx = [rx 0.0967258];
ry = [ry 1.20826];
rx = [rx 0.12089];
ry = [ry 1.21769];
rx = [rx 0.130011];
ry = [ry 1.19693];
rx = [rx 0.170296];
ry = [ry 1.24376];
rx = [rx 0.180545];
ry = [ry 1.22625];
rx = [rx 0.18483];
ry = [ry 1.19314];
rx = [rx 0.235313];
ry = [ry 1.2754];
rx = [rx 0.236422];
ry = [ry 1.23412];
rx = [rx 0.270665];
ry = [ry 1.28312];
rx = [rx 0.263299];
ry = [ry 1.21311];
rx = [rx 0.275859];
ry = [ry 1.1988];
rx = [rx 0.29796];
ry = [ry 1.21577];
rx = [rx 0.320024];
ry = [ry 1.23557];
rx = [rx 0.328659];
ry = [ry 1.20642];
rx = [rx 0.347296];
ry = [ry 1.21545];
rx = [rx 0.360968];
ry = [ry 1.20395];
rx = [rx 0.385671];
ry = [ry 1.24589];
rx = [rx 0.400398];
ry = [ry 1.24219];
rx = [rx 0.429594];
ry = [ry 1.32607];
rx = [rx 0.422253];
ry = [ry 1.18225];
rx = [rx 0.449728];
ry = [ry 1.26901];
rx = [rx 0.466485];
ry = [ry 1.28779];
rx = [rx 0.484497];
ry = [ry 1.32764];
rx = [rx 0.500241];
ry = [ry 1.35671];
rx = [rx 0.513492];
ry = [ry 1.36129];
rx = [rx 0.524057];
ry = [ry 1.30514];
rx = [rx 0.539071];
ry = [ry 1.35476];
rx = [rx 0.551494];
ry = [ry 1.26837];
rx = [rx 0.565615];
ry = [ry 1.2991];
rx = [rx 0.579184];
ry = [ry 1.31189];
rx = [rx 0.5883];
ry = [ry 1.41174];
rx = [rx 0.603662];
ry = [ry 1.35893];
rx = [rx 0.604546];
ry = [ry 1.50755];
rx = [rx 0.62844];
ry = [ry 1.37072];
rx = [rx 0.638285];
ry = [ry 1.39632];
rx = [rx 0.658286];
ry = [ry 1.33986];
rx = [rx 0.652177];
ry = [ry 1.4688];
rx = [rx 0.67319];
ry = [ry 1.41134];
rx = [rx 0.678236];
ry = [ry 1.45023];
rx = [rx 0.697816];
ry = [ry 1.41214];
rx = [rx 0.695053];
ry = [ry 1.48022];
rx = [rx 0.690168];
ry = [ry 1.54714];
rx = [rx 0.737703];
ry = [ry 1.40428];
rx = [rx 0.70563];
ry = [ry 1.56518];
rx = [rx 0.708356];
ry = [ry 1.58973];
rx = [rx 0.732127];
ry = [ry 1.54548];
rx = [rx 0.749833];
ry = [ry 1.52461];
rx = [rx 0.759724];
ry = [ry 1.52827];
rx = [rx 0.74967];
ry = [ry 1.58486];
rx = [rx 0.768656];
ry = [ry 1.56292];
rx = [rx 0.75741];
ry = [ry 1.61594];
rx = [rx 0.802353];
ry = [ry 1.53597];
rx = [rx 0.784926];
ry = [ry 1.5996];
rx = [rx 0.80558];
ry = [ry 1.57865];
rx = [rx 0.80823];
ry = [ry 1.59576];
rx = [rx 0.789253];
ry = [ry 1.65309];
rx = [rx 0.787515];
ry = [ry 1.67453];
rx = [rx 0.799438];
ry = [ry 1.67057];
rx = [rx 0.731161];
ry = [ry 1.80263];
rx = [rx 0.810441];
ry = [ry 1.68537];
rx = [rx 0.770579];
ry = [ry 1.76325];
rx = [rx 0.842363];
ry = [ry 1.66787];
rx = [rx 0.785533];
ry = [ry 1.76595];
rx = [rx 0.777368];
ry = [ry 1.7894];
rx = [rx 0.814873];
ry = [ry 1.75005];
rx = [rx 0.801561];
ry = [ry 1.77967];
rx = [rx 0.803842];
ry = [ry 1.78803];
rx = [rx 0.77562];
ry = [ry 1.83292];
rx = [rx 0.775677];
ry = [ry 1.84205];
rx = [rx 0.87396];
ry = [ry 1.74034];
rx = [rx 0.778225];
ry = [ry 1.8566];
rx = [rx 0.782228];
ry = [ry 1.86068];
rx = [rx 0.791563];
ry = [ry 1.85934];
rx = [rx 0.860547];
ry = [ry 1.80005];
rx = [rx 0.834451];
ry = [ry 1.83489];
rx = [rx 0.744417];
ry = [ry 1.926];
rx = [rx 0.797925];
ry = [ry 1.88481];
rx = [rx 0.82346];
ry = [ry 1.87047];
rx = [rx 0.815602];
ry = [ry 1.88482];
rx = [rx 0.862085];
ry = [ry 1.85548];
rx = [rx 0.816986];
ry = [ry 1.89846];
rx = [rx 0.762211];
ry = [ry 1.94588];
rx = [rx 0.833912];
ry = [ry 1.90047];
rx = [rx 0.833662];
ry = [ry 1.90783];
rx = [rx 0.755974];
ry = [ry 1.96598];
rx = [rx 0.728319];
ry = [ry 1.98843];
rx = [rx 0.83971];
ry = [ry 1.92471];
rx = [rx 0.745425];
ry = [ry 1.98663];
rx = [rx 0.783904];
ry = [ry 1.96937];
rx = [rx 0.707263];
ry = [ry 2.01591];
rx = [rx 0.79851];
ry = [ry 1.97206];
rx = [rx 0.834271];
ry = [ry 1.95964];
rx = [rx 0.73733];
ry = [ry 2.01157];
rx = [rx 0.788716];
ry = [ry 1.99213];
rx = [rx 0.769192];
ry = [ry 2.00541];
rx = [rx 0.775764];
ry = [ry 2.00707];
rx = [rx 0.848691];
ry = [ry 1.983];
rx = [rx 0.69919];
ry = [ry 2.0443];
rx = [rx 0.667024];
ry = [ry 2.05842];
rx = [rx 0.770729];
ry = [ry 2.02616];
rx = [rx 0.777952];
ry = [ry 2.02802];
rx = [rx 0.809656];
ry = [ry 2.02293];
rx = [rx 0.657109];
ry = [ry 2.0696];
rx = [rx 0.740963];
ry = [ry 2.05002];
rx = [rx 0.777385];
ry = [ry 2.04478];
rx = [rx 0.726265];
ry = [ry 2.06003];
rx = [rx 0.725568];
ry = [ry 2.06326];
rx = [rx 0.713918];
ry = [ry 2.06845];
rx = [rx 0.75526];
ry = [ry 2.06446];
rx = [rx 0.64745];
ry = [ry 2.08385];
rx = [rx 0.714981];
ry = [ry 2.07675];
rx = [rx 0.77214];
ry = [ry 2.07318];
rx = [rx 0.730046];
ry = [ry 2.08093];
rx = [rx 0.781532];
ry = [ry 2.08006];
rx = [rx 0.697931];
ry = [ry 2.0889];
rx = [rx 0.663158];
ry = [ry 2.09281];
rx = [rx 0.660902];
ry = [ry 2.09472];
rx = [rx 0.680562];
ry = [ry 2.09642];
rx = [rx 0.695661];
ry = [ry 2.09875];
rx = [rx 0.664916];
ry = [ry 2.10029];
rx = [rx 0.704798];
ry = [ry 2.10403];
rx = [rx 0.72701];
ry = [ry 2.10803];
rx = [rx 0.653587];
ry = [ry 2.10506];
rx = [rx 0.75854];
ry = [ry 2.11714];
rx = [rx 0.736503];
ry = [ry 2.11813];
rx = [rx 0.684065];
ry = [ry 2.11429];
rx = [rx 0.721064];
ry = [ry 2.12218];
rx = [rx 0.700068];
ry = [ry 2.12155];
rx = [rx 0.689964];
ry = [ry 2.12224];
rx = [rx 0.66972];
ry = [ry 2.12048];
rx = [rx 0.68679];
ry = [ry 2.12638];
rx = [rx 0.739998];
ry = [ry 2.14169];
rx = [rx 0.696934];
ry = [ry 2.13384];
rx = [rx 0.743025];
ry = [ry 2.14937];
rx = [rx 0.734473];
ry = [ry 2.15034];
rx = [rx 0.719759];
ry = [ry 2.14906];
rx = [rx 0.785354];
ry = [ry 2.17434];
rx = [rx 0.760458];
ry = [ry 2.16993];
rx = [rx 0.683239];
ry = [ry 2.14487];
rx = [rx 0.650345];
ry = [ry 2.13436];
rx = [rx 0.67359];
ry = [ry 2.14596];
rx = [rx 0.734937];
ry = [ry 2.17523];
rx = [rx 0.705042];
ry = [ry 2.16526];
rx = [rx 0.675914];
ry = [ry 2.15443];
rx = [rx 0.671201];
ry = [ry 2.15465];
rx = [rx 0.722885];
ry = [ry 2.18425];
rx = [rx 0.626127];
ry = [ry 2.13513];
rx = [rx 0.730557];
ry = [ry 2.19615];
rx = [rx 0.662928];
ry = [ry 2.16014];
rx = [rx 0.730753];
ry = [ry 2.20447];
rx = [rx 0.715307];
ry = [ry 2.19881];
rx = [rx 0.647633];
ry = [ry 2.15773];
rx = [rx 0.705446];
ry = [ry 2.19999];
rx = [rx 0.686933];
ry = [ry 2.1906];
rx = [rx 0.628367];
ry = [ry 2.15052];
rx = [rx 0.701734];
ry = [ry 2.20908];
rx = [rx 0.689886];
ry = [ry 2.2037];
rx = [rx 0.704227];
ry = [ry 2.21945];
rx = [rx 0.656334];
ry = [ry 2.18275];
rx = [rx 0.69674];
ry = [ry 2.22174];
rx = [rx 0.665915];
ry = [ry 2.1978];
rx = [rx 0.723859];
ry = [ry 2.25665];
rx = [rx 0.718296];
ry = [ry 2.25682];
rx = [rx 0.689279];
ry = [ry 2.23282];
rx = [rx 0.628889];
ry = [ry 2.17368];
rx = [rx 0.658725];
ry = [ry 2.20913];
rx = [rx 0.657433];
ry = [ry 2.21166];
rx = [rx 0.642638];
ry = [ry 2.19836];
rx = [rx 0.680193];
