rx = [];
ry = [];
rx = [rx -0.367066];
ry = [ry 1.639];
rx = [rx -0.440281];
ry = [ry 1.58087];
rx = [rx -0.403961];
ry = [ry 1.57819];
rx = [rx -0.352693];
ry = [ry 1.58513];
rx = [rx -0.391806];
ry = [ry 1.54112];
rx = [rx -0.357694];
ry = [ry 1.53942];
rx = [rx -0.309107];
ry = [ry 1.54805];
rx = [rx -0.356027];
ry = [ry 1.49575];
rx = [rx -0.385888];
ry = [ry 1.45223];
rx = [rx -0.331418];
ry = [ry 1.46641];
rx = [rx -0.308791];
ry = [ry 1.45944];
rx = [rx -0.352421];
ry = [ry 1.40254];
rx = [rx -0.290537];
ry = [ry 1.42602];
rx = [rx -0.371142];
ry = [ry 1.33555];
rx = [rx -0.365362];
ry = [ry 1.31296];
rx = [rx -0.33542];
ry = [ry 1.31115];
rx = [rx -0.3327];
ry = [ry 1.28555];
rx = [rx -0.285496];
ry = [ry 1.30119];
rx = [rx -0.205864];
ry = [ry 1.35073];
rx = [rx -0.276832];
ry = [ry 1.2524];
rx = [rx -0.234098];
ry = [ry 1.26717];
rx = [rx -0.212387];
ry = [ry 1.2612];
rx = [rx -0.247137];
ry = [ry 1.19231];
rx = [rx -0.208853];
ry = [ry 1.20445];
rx = [rx -0.216435];
ry = [ry 1.16314];
rx = [rx -0.118295];
ry = [ry 1.25194];
rx = [rx -0.184175];
ry = [ry 1.13566];
rx = [rx -0.165675];
ry = [ry 1.12503];
rx = [rx -0.112189];
ry = [ry 1.16331];
rx = [rx -0.0983105];
ry = [ry 1.14812];
rx = [rx 0.0131586];
ry = [ry 1.27921];
rx = [rx -0.0607182];
ry = [ry 1.13218];
rx = [rx -0.00947728];
ry = [ry 1.17718];
rx = [rx 0.047858];
ry = [ry 1.23693];
rx = [rx 0.0441782];
ry = [ry 1.19521];
rx = [rx 0.111622];
ry = [ry 1.28086];
rx = [rx 0.0929803];
ry = [ry 1.21033];
rx = [rx 0.117194];
ry = [ry 1.21962];
rx = [rx 0.126205];
ry = [ry 1.19882];
rx = [rx 0.166737];
ry = [ry 1.24544];
rx = [rx 0.176893];
ry = [ry 1.22788];
rx = [rx 0.181004];
ry = [ry 1.19475];
rx = [rx 0.231918];
ry = [ry 1.27674];
rx = [rx 0.232811];
ry = [ry 1.23545];
rx = [rx 0.26731];
ry = [ry 1.28427];
rx = [rx 0.259576];
ry = [ry 1.2143];
rx = [rx 0.272061];
ry = [ry 1.19992];
rx = [rx 0.294251];
ry = [ry 1.21678];
rx = [rx 0.316419];
ry = [ry 1.23646];
rx = [rx 0.324901];
ry = [ry 1.20727];
rx = [rx 0.343585];
ry = [ry 1.21619];
rx = [rx 0.357196];
ry = [ry 1.20462];
rx = [rx 0.38212];
ry = [ry 1.24644];
rx = [rx 0.396827];
ry = [ry 1.24265];
rx = [rx 0.426463];
ry = [ry 1.32638];
rx = [rx 0.418366];
ry = [ry 1.1826];
rx = [rx 0.446297];
ry = [ry 1.26922];
rx = [rx 0.463152];
ry = [ry 1.28792];
rx = [rx 0.481374];
ry = [ry 1.32767];
rx = [rx 0.49727];
ry = [ry 1.35666];
rx = [rx 0.510545];
ry = [ry 1.36116];
rx = [rx 0.520815];
ry = [ry 1.30496];
rx = [rx 0.53609];
ry = [ry 1.3545];
rx = [rx 0.548058];
ry = [ry 1.26805];
rx = [rx 0.562341];
ry = [ry 1.2987];
rx = [rx 0.575976];
ry = [ry 1.31141];
rx = [rx 0.585618];
ry = [ry 1.41122];
rx = [rx 0.600702];
ry = [ry 1.35833];
rx = [rx 0.602367];
ry = [ry 1.50694];
rx = [rx 0.625541];
ry = [ry 1.36999];
rx = [rx 0.635521];
ry = [ry 1.39554];
rx = [rx 0.655225];
ry = [ry 1.33897];
rx = [rx 0.649793];
ry = [ry 1.46794];
rx = [rx 0.670504];
ry = [ry 1.41038];
rx = [rx 0.675754];
ry = [ry 1.44924];
rx = [rx 0.695134];
ry = [ry 1.41104];
rx = [rx 0.692729];
ry = [ry 1.47914];
rx = [rx 0.688195];
ry = [ry 1.54608];
rx = [rx 0.734979];
ry = [ry 1.40297];
rx = [rx 0.703752];
ry = [ry 1.56404];
rx = [rx 0.706607];
ry = [ry 1.58857];
rx = [rx 0.730145];
ry = [ry 1.5442];
rx = [rx 0.747741];
ry = [ry 1.52323];
rx = [rx 0.757651];
ry = [ry 1.52684];
rx = [rx 0.747895];
ry = [ry 1.58349];
rx = [rx 0.766765];
ry = [ry 1.56145];
rx = [rx 0.755798];
ry = [ry 1.61452];
rx = [rx 0.800321];
ry = [ry 1.53432];
rx = [rx 0.783228];
ry = [ry 1.59804];
rx = [rx 0.803771];
ry = [ry 1.57698];
rx = [rx 0.806511];
ry = [ry 1.59408];
rx = [rx 0.787836];
ry = [ry 1.65151];
rx = [rx 0.78621];
ry = [ry 1.67295];
rx = [rx 0.798112];
ry = [ry 1.66893];
rx = [rx 0.730531];
ry = [ry 1.80135];
rx = [rx 0.809193];
ry = [ry 1.68367];
rx = [rx 0.769741];
ry = [ry 1.76176];
rx = [rx 0.841023];
ry = [ry 1.66601];
rx = [rx 0.784709];
ry = [ry 1.76439];
rx = [rx 0.776667];
ry = [ry 1.78788];
rx = [rx 0.813965];
ry = [ry 1.74833];
rx = [rx 0.800809];
ry = [ry 1.77802];
rx = [rx 0.803133];
ry = [ry 1.78637];
rx = [rx 0.775148];
ry = [ry 1.83141];
rx = [rx 0.775253];
ry = [ry 1.84053];
rx = [rx 0.873];
ry = [ry 1.73832];
rx = [rx 0.777877];
ry = [ry 1.85508];
rx = [rx 0.781902];
ry = [ry 1.85913];
rx = [rx 0.79123];
ry = [ry 1.85774];
rx = [rx 0.859901];
ry = [ry 1.79809];
rx = [rx 0.833989];
ry = [ry 1.83307];
rx = [rx 0.744435];
ry = [ry 1.92465];
rx = [rx 0.797726];
ry = [ry 1.88318];
rx = [rx 0.823185];
ry = [ry 1.86871];
rx = [rx 0.815402];
ry = [ry 1.88309];
rx = [rx 0.861731];
ry = [ry 1.85352];
rx = [rx 0.816858];
ry = [ry 1.89673];
rx = [rx 0.762332];
ry = [ry 1.94444];
rx = [rx 0.833794];
ry = [ry 1.89865];
rx = [rx 0.833583];
ry = [ry 1.90601];
rx = [rx 0.756202];
ry = [ry 1.96457];
rx = [rx 0.728665];
ry = [ry 1.98717];
rx = [rx 0.839719];
ry = [ry 1.92286];
rx = [rx 0.745762];
ry = [ry 1.98528];
rx = [rx 0.784149];
ry = [ry 1.96781];
rx = [rx 0.707754];
ry = [ry 2.01475];
rx = [rx 0.79877];
ry = [ry 1.97042];
rx = [rx 0.834464];
ry = [ry 1.95782];
rx = [rx 0.737798];
ry = [ry 2.01025];
rx = [rx 0.789081];
ry = [ry 1.99055];
rx = [rx 0.769627];
ry = [ry 2.00393];
rx = [rx 0.776208];
ry = [ry 2.00556];
rx = [rx 0.849007];
ry = [ry 1.9811];
rx = [rx 0.69983];
ry = [ry 2.04319];
rx = [rx 0.667738];
ry = [ry 2.05747];
rx = [rx 0.771272];
ry = [ry 2.02467];
rx = [rx 0.778505];
ry = [ry 2.0265];
rx = [rx 0.810182];
ry = [ry 2.02124];
rx = [rx 0.657883];
ry = [ry 2.06871];
rx = [rx 0.741632];
ry = [ry 2.04868];
rx = [rx 0.778026];
ry = [ry 2.04326];
rx = [rx 0.726987];
ry = [ry 2.05878];
rx = [rx 0.726307];
ry = [ry 2.06201];
rx = [rx 0.714685];
ry = [ry 2.06726];
rx = [rx 0.756005];
ry = [ry 2.06306];
rx = [rx 0.648298];
ry = [ry 2.08301];
rx = [rx 0.715792];
ry = [ry 2.07555];
rx = [rx 0.772931];
ry = [ry 2.07169];
rx = [rx 0.730878];
ry = [ry 2.07965];
rx = [rx 0.782359];
ry = [ry 2.07851];
rx = [rx 0.698805];
ry = [ry 2.0878];
rx = [rx 0.664053];
ry = [ry 2.09188];
rx = [rx 0.661808];
ry = [ry 2.09381];
rx = [rx 0.681476];
ry = [ry 2.0954];
rx = [rx 0.696587];
ry = [ry 2.09765];
rx = [rx 0.665851];
ry = [ry 2.09936];
rx = [rx 0.705752];
ry = [ry 2.10288];
rx = [rx 0.727985];
ry = [ry 2.10677];
rx = [rx 0.654547];
ry = [ry 2.10419];
rx = [rx 0.759562];
ry = [ry 2.11571];
rx = [rx 0.737531];
ry = [ry 2.11682];
rx = [rx 0.685073];
ry = [ry 2.11325];
rx = [rx 0.722113];
ry = [ry 2.12095];
rx = [rx 0.701114];
ry = [ry 2.12044];
rx = [rx 0.691014];
ry = [ry 2.12117];
rx = [rx 0.670761];
ry = [ry 2.11953];
rx = [rx 0.687862];
ry = [ry 2.12533];
rx = [rx 0.741149];
ry = [ry 2.14036];
rx = [rx 0.698044];
ry = [ry 2.13274];
rx = [rx 0.744217];
ry = [ry 2.14803];
rx = [rx 0.73567];
ry = [ry 2.14904];
rx = [rx 0.72095];
ry = [ry 2.14784];
rx = [rx 0.786676];
ry = [ry 2.17278];
rx = [rx 0.761757];
ry = [ry 2.16849];
rx = [rx 0.684408];
ry = [ry 2.14384];
rx = [rx 0.651459];
ry = [ry 2.1335];
rx = [rx 0.674765];
ry = [ry 2.14498];
rx = [rx 0.736264];
ry = [ry 2.17393];
rx = [rx 0.706318];
ry = [ry 2.16411];
rx = [rx 0.677134];
ry = [ry 2.15344];
rx = [rx 0.672421];
ry = [ry 2.15369];
rx = [rx 0.72426];
ry = [ry 2.18301];
rx = [rx 0.627245];
ry = [ry 2.1344];
rx = [rx 0.731994];
ry = [ry 2.19487];
rx = [rx 0.664177];
ry = [ry 2.15922];
rx = [rx 0.732234];
ry = [ry 2.20319];
rx = [rx 0.716759];
ry = [ry 2.19761];
rx = [rx 0.648869];
ry = [ry 2.15688];
rx = [rx 0.706904];
ry = [ry 2.19884];
rx = [rx 0.688342];
ry = [ry 2.18955];
rx = [rx 0.629566];
ry = [ry 2.14978];
rx = [rx 0.70324];
ry = [ry 2.20795];
rx = [rx 0.691364];
ry = [ry 2.20264];
rx = [rx 0.705787];
ry = [ry 2.21831];
rx = [rx 0.657703];
ry = [ry 2.18186];
rx = [rx 0.698313];
ry = [ry 2.22064];
rx = [rx 0.667362];
ry = [ry 2.19686];
rx = [rx 0.725615];
ry = [ry 2.2554];
rx = [rx 0.720053];
ry = [ry 2.2556];
rx = [rx 0.69091];
ry = [ry 2.23175];
rx = [rx 0.63021];
ry = [ry 2.17294];
rx = [rx 0.660232];
ry = [ry 2.20823];
rx = [rx 0.658954];
ry = [ry 2.21077];
rx = [rx 0.644088];
ry = [ry 2.19755];
rx = [rx 0.681903];
