rx = [];
ry = [];
rx = [rx -0.554004];
ry = [ry 1.95938];
rx = [rx -0.640683];
ry = [ry 1.92436];
rx = [rx -0.606609];
ry = [ry 1.9115];
rx = [rx -0.555473];
ry = [ry 1.90364];
rx = [rx -0.605446];
ry = [ry 1.87251];
rx = [rx -0.573213];
ry = [ry 1.86122];
rx = [rx -0.524172];
ry = [ry 1.85573];
rx = [rx -0.583981];
ry = [ry 1.81886];
rx = [rx -0.624942];
ry = [ry 1.78558];
rx = [rx -0.568686];
ry = [ry 1.78375];
rx = [rx -0.548957];
ry = [ry 1.77067];
rx = [rx -0.606913];
ry = [ry 1.72845];
rx = [rx -0.540914];
ry = [ry 1.73344];
rx = [rx -0.643839];
ry = [ry 1.6695];
rx = [rx -0.644691];
ry = [ry 1.6462];
rx = [rx -0.616486];
ry = [ry 1.63599];
rx = [rx -0.621128];
ry = [ry 1.61066];
rx = [rx -0.571425];
ry = [ry 1.6123];
rx = [rx -0.481027];
ry = [ry 1.63726];
rx = [rx -0.576932];
ry = [ry 1.56305];
rx = [rx -0.531764];
ry = [ry 1.56512];
rx = [rx -0.512633];
ry = [ry 1.55324];
rx = [rx -0.565469];
ry = [ry 1.49701];
rx = [rx -0.525312];
ry = [ry 1.49781];
rx = [rx -0.544282];
ry = [ry 1.46034];
rx = [rx -0.425015];
ry = [ry 1.51771];
rx = [rx -0.521122];
ry = [ry 1.42485];
rx = [rx -0.50639];
ry = [ry 1.40942];
rx = [rx -0.444254];
ry = [ry 1.43098];
rx = [rx -0.435243];
ry = [ry 1.41249];
rx = [rx -0.291218];
ry = [ry 1.50665];
rx = [rx -0.403703];
ry = [ry 1.38656];
rx = [rx -0.341817];
ry = [ry 1.41521];
rx = [rx -0.269911];
ry = [ry 1.45627];
rx = [rx -0.285253];
ry = [ry 1.4173];
rx = [rx -0.196318];
ry = [ry 1.48035];
rx = [rx -0.234169];
ry = [ry 1.41798];
rx = [rx -0.208313];
ry = [ry 1.42004];
rx = [rx -0.205561];
ry = [ry 1.39754];
rx = [rx -0.153489];
ry = [ry 1.43077];
rx = [rx -0.14872];
ry = [ry 1.41105];
rx = [rx -0.154159];
ry = [ry 1.37811];
rx = [rx -0.0821124];
ry = [ry 1.44233];
rx = [rx -0.0929465];
ry = [ry 1.40248];
rx = [rx -0.0460358];
ry = [ry 1.43953];
rx = [rx -0.0732668];
ry = [ry 1.37462];
rx = [rx -0.0653629];
ry = [ry 1.35729];
rx = [rx -0.0393092];
ry = [ry 1.36718];
rx = [rx -0.0124744];
ry = [ry 1.37978];
rx = [rx -0.0126068];
ry = [ry 1.34938];
rx = [rx 0.00784081];
ry = [ry 1.35265];
rx = [rx 0.0176185];
ry = [ry 1.3377];
rx = [rx 0.0533631];
ry = [ry 1.37074];
rx = [rx 0.0663964];
ry = [ry 1.36295];
rx = [rx 0.118527];
ry = [ry 1.43486];
rx = [rx 0.0700504];
ry = [ry 1.29926];
rx = [rx 0.121365];
ry = [ry 1.37442];
rx = [rx 0.142824];
ry = [ry 1.38758];
rx = [rx 0.171556];
ry = [ry 1.42054];
rx = [rx 0.195009];
ry = [ry 1.44384];
rx = [rx 0.209016];
ry = [ry 1.4444];
rx = [rx 0.202952];
ry = [ry 1.3876];
rx = [rx 0.231629];
ry = [ry 1.43078];
rx = [rx 0.218629];
ry = [ry 1.34448];
rx = [rx 0.241007];
ry = [ry 1.36984];
rx = [rx 0.257684];
ry = [ry 1.37817];
rx = [rx 0.295191];
ry = [ry 1.47116];
rx = [rx 0.294681];
ry = [ry 1.41616];
rx = [rx 0.338359];
ry = [ry 1.55822];
rx = [rx 0.321806];
ry = [ry 1.42031];
rx = [rx 0.338611];
ry = [ry 1.44199];
rx = [rx 0.341492];
ry = [ry 1.38216];
rx = [rx 0.372801];
ry = [ry 1.50738];
rx = [rx 0.376365];
ry = [ry 1.44631];
rx = [rx 0.392404];
ry = [ry 1.4821];
rx = [rx 0.400174];
ry = [ry 1.43998];
rx = [rx 0.417151];
ry = [ry 1.50597];
rx = [rx 0.431757];
ry = [ry 1.57145];
rx = [rx 0.436105];
ry = [ry 1.42096];
rx = [rx 0.451763];
ry = [ry 1.58427];
rx = [rx 0.461447];
ry = [ry 1.60699];
rx = [rx 0.471459];
ry = [ry 1.55777];
rx = [rx 0.482398];
ry = [ry 1.53268];
rx = [rx 0.492924];
ry = [ry 1.53334];
rx = [rx 0.499606];
ry = [ry 1.59043];
rx = [rx 0.511463];
ry = [ry 1.56394];
rx = [rx 0.515973];
ry = [ry 1.61795];
rx = [rx 0.535963];
ry = [ry 1.52842];
rx = [rx 0.537614];
ry = [ry 1.59438];
rx = [rx 0.551354];
ry = [ry 1.56837];
rx = [rx 0.558821];
ry = [ry 1.58398];
rx = [rx 0.557174];
ry = [ry 1.64435];
rx = [rx 0.561687];
ry = [ry 1.66538];
rx = [rx 0.571963];
ry = [ry 1.65816];
rx = [rx 0.544643];
ry = [ry 1.80429];
rx = [rx 0.586764];
ry = [ry 1.66915];
rx = [rx 0.571038];
ry = [ry 1.75522];
rx = [rx 0.612289];
ry = [ry 1.6432];
rx = [rx 0.586137];
ry = [ry 1.7535];
rx = [rx 0.585075];
ry = [ry 1.7783];
rx = [rx 0.60965];
ry = [ry 1.72982];
rx = [rx 0.605439];
ry = [ry 1.76202];
rx = [rx 0.610031];
ry = [ry 1.76936];
rx = [rx 0.595944];
ry = [ry 1.82048];
rx = [rx 0.598629];
ry = [ry 1.82921];
rx = [rx 0.663433];
ry = [ry 1.70349];
rx = [rx 0.605264];
ry = [ry 1.84241];
rx = [rx 0.610272];
ry = [ry 1.84516];
rx = [rx 0.618826];
ry = [ry 1.84119];
rx = [rx 0.667794];
ry = [ry 1.76453];
rx = [rx 0.652847];
ry = [ry 1.80541];
rx = [rx 0.592891];
ry = [ry 1.91861];
rx = [rx 0.632257];
ry = [ry 1.86374];
rx = [rx 0.652577];
ry = [ry 1.84265];
rx = [rx 0.649187];
ry = [ry 1.85866];
rx = [rx 0.685244];
ry = [ry 1.81717];
rx = [rx 0.654445];
ry = [ry 1.87132];
rx = [rx 0.615659];
ry = [ry 1.93252];
rx = [rx 0.671231];
ry = [ry 1.86837];
rx = [rx 0.673112];
ry = [ry 1.87548];
rx = [rx 0.61548];
ry = [ry 1.95356];
rx = [rx 0.595468];
ry = [ry 1.98303];
rx = [rx 0.683768];
ry = [ry 1.8899];
rx = [rx 0.61133];
ry = [ry 1.97638];
rx = [rx 0.643201];
ry = [ry 1.94876];
rx = [rx 0.583223];
ry = [ry 2.0154];
rx = [rx 0.657962];
ry = [ry 1.94712];
rx = [rx 0.688628];
ry = [ry 1.92492];
rx = [rx 0.610765];
ry = [ry 2.00259];
rx = [rx 0.65437];
ry = [ry 1.96917];
rx = [rx 0.6395];
ry = [ry 1.98751];
rx = [rx 0.646273];
ry = [ry 1.98721];
rx = [rx 0.709167];
ry = [ry 1.94313];
rx = [rx 0.583678];
ry = [ry 2.04493];
rx = [rx 0.556943];
ry = [ry 2.06771];
rx = [rx 0.646951];
ry = [ry 2.00693];
rx = [rx 0.654405];
ry = [ry 2.00664];
rx = [rx 0.683298];
ry = [ry 1.99263];
rx = [rx 0.550673];
ry = [ry 2.08128];
rx = [rx 0.625324];
ry = [ry 2.03836];
rx = [rx 0.658691];
ry = [ry 2.02285];
rx = [rx 0.614136];
ry = [ry 2.05218];
rx = [rx 0.6144];
ry = [ry 2.05548];
rx = [rx 0.604739];
ry = [ry 2.0638];
rx = [rx 0.643178];
ry = [ry 2.04807];
rx = [rx 0.54553];
ry = [ry 2.09771];
rx = [rx 0.608149];
ry = [ry 2.07144];
rx = [rx 0.661855];
ry = [ry 2.05155];
rx = [rx 0.623779];
ry = [ry 2.07111];
rx = [rx 0.672829];
ry = [ry 2.05543];
rx = [rx 0.595324];
ry = [ry 2.08799];
rx = [rx 0.563152];
ry = [ry 2.10175];
rx = [rx 0.561544];
ry = [ry 2.10424];
rx = [rx 0.580858];
ry = [ry 2.1002];
rx = [rx 0.595988];
ry = [ry 2.09808];
rx = [rx 0.566994];
ry = [ry 2.10842];
rx = [rx 0.606259];
ry = [ry 2.1005];
rx = [rx 0.628684];
ry = [ry 2.09793];
rx = [rx 0.557518];
ry = [ry 2.11625];
rx = [rx 0.661499];
ry = [ry 2.09756];
rx = [rx 0.640685];
ry = [ry 2.10487];
rx = [rx 0.589362];
ry = [ry 2.1163];
rx = [rx 0.627066];
ry = [ry 2.11319];
rx = [rx 0.606781];
ry = [ry 2.11865];
rx = [rx 0.597303];
ry = [ry 2.12221];
rx = [rx 0.577413];
ry = [ry 2.12637];
rx = [rx 0.595457];
ry = [ry 2.12709];
rx = [rx 0.650819];
ry = [ry 2.12642];
rx = [rx 0.60732];
ry = [ry 2.13131];
rx = [rx 0.655933];
ry = [ry 2.1329];
rx = [rx 0.648022];
ry = [ry 2.1363];
rx = [rx 0.633564];
ry = [ry 2.13931];
rx = [rx 0.703662];
ry = [ry 2.14461];
rx = [rx 0.67855];
ry = [ry 2.14756];
rx = [rx 0.597387];
ry = [ry 2.14583];
rx = [rx 0.562859];
ry = [ry 2.14524];
rx = [rx 0.588462];
ry = [ry 2.14965];
rx = [rx 0.655641];
ry = [ry 2.16];
rx = [rx 0.624139];
ry = [ry 2.15906];
rx = [rx 0.593128];
ry = [ry 2.15709];
rx = [rx 0.588678];
ry = [ry 2.15866];
rx = [rx 0.646697];
ry = [ry 2.1721];
rx = [rx 0.539889];
ry = [ry 2.15295];
rx = [rx 0.657473];
ry = [ry 2.18129];
rx = [rx 0.582338];
ry = [ry 2.1663];
rx = [rx 0.66006];
ry = [ry 2.1892];
rx = [rx 0.643639];
ry = [ry 2.18823];
rx = [rx 0.566995];
ry = [ry 2.1684];
rx = [rx 0.634536];
ry = [ry 2.1922];
rx = [rx 0.614102];
ry = [ry 2.18855];
rx = [rx 0.546471];
ry = [ry 2.16705];
rx = [rx 0.633602];
ry = [ry 2.20198];
rx = [rx 0.620706];
ry = [ry 2.20024];
rx = [rx 0.638977];
ry = [ry 2.21119];
rx = [rx 0.582539];
ry = [ry 2.18985];
rx = [rx 0.632469];
ry = [ry 2.21554];
rx = [rx 0.596051];
ry = [ry 2.2015];
rx = [rx 0.668496];
ry = [ry 2.24115];
rx = [rx 0.663218];
ry = [ry 2.24292];
rx = [rx 0.628514];
ry = [ry 2.22829];
rx = [rx 0.553644];
ry = [ry 2.18907];
rx = [rx 0.592431];
ry = [ry 2.21442];
rx = [rx 0.591924];
ry = [ry 2.21722];
rx = [rx 0.573924];
ry = [ry 2.20875];
