rx = [];
ry = [];
rx = [rx -0.36593];
ry = [ry 1.63457];
rx = [rx -0.438847];
ry = [ry 1.57606];
rx = [rx -0.402513];
ry = [ry 1.57357];
rx = [rx -0.351282];
ry = [ry 1.58077];
rx = [rx -0.390168];
ry = [ry 1.53656];
rx = [rx -0.356048];
ry = [ry 1.53503];
rx = [rx -0.307507];
ry = [ry 1.54391];
rx = [rx -0.354158];
ry = [ry 1.49137];
rx = [rx -0.383795];
ry = [ry 1.4477];
rx = [rx -0.329399];
ry = [ry 1.46216];
rx = [rx -0.306736];
ry = [ry 1.45531];
rx = [rx -0.350074];
ry = [ry 1.39819];
rx = [rx -0.288311];
ry = [ry 1.42198];
rx = [rx -0.368452];
ry = [ry 1.3311];
rx = [rx -0.362556];
ry = [ry 1.30854];
rx = [rx -0.332605];
ry = [ry 1.30689];
rx = [rx -0.329754];
ry = [ry 1.2813];
rx = [rx -0.28263];
ry = [ry 1.29718];
rx = [rx -0.203254];
ry = [ry 1.34712];
rx = [rx -0.273717];
ry = [ry 1.24844];
rx = [rx -0.23106];
ry = [ry 1.26343];
rx = [rx -0.209318];
ry = [ry 1.25757];
rx = [rx -0.243715];
ry = [ry 1.18849];
rx = [rx -0.205493];
ry = [ry 1.20084];
rx = [rx -0.212864];
ry = [ry 1.15948];
rx = [rx -0.11518];
ry = [ry 1.24878];
rx = [rx -0.180463];
ry = [ry 1.13217];
rx = [rx -0.161909];
ry = [ry 1.12164];
rx = [rx -0.10862];
ry = [ry 1.16019];
rx = [rx -0.0946634];
ry = [ry 1.14508];
rx = [rx 0.0161325];
ry = [ry 1.27673];
rx = [rx -0.0569899];
ry = [ry 1.12933];
rx = [rx -0.00598028];
ry = [ry 1.17459];
rx = [rx 0.0510481];
ry = [ry 1.23463];
rx = [rx 0.0475821];
ry = [ry 1.19289];
rx = [rx 0.114587];
ry = [ry 1.27888];
rx = [rx 0.0963062];
ry = [ry 1.20826];
rx = [rx 0.120472];
ry = [ry 1.21768];
rx = [rx 0.12959];
ry = [ry 1.19692];
rx = [rx 0.169882];
ry = [ry 1.24375];
rx = [rx 0.180128];
ry = [ry 1.22624];
rx = [rx 0.184408];
ry = [ry 1.19313];
rx = [rx 0.234902];
ry = [ry 1.27538];
rx = [rx 0.236006];
ry = [ry 1.2341];
rx = [rx 0.270255];
ry = [ry 1.28309];
rx = [rx 0.26288];
ry = [ry 1.21308];
rx = [rx 0.275438];
ry = [ry 1.19877];
rx = [rx 0.297541];
ry = [ry 1.21574];
rx = [rx 0.319608];
ry = [ry 1.23554];
rx = [rx 0.328239];
ry = [ry 1.20638];
rx = [rx 0.346877];
ry = [ry 1.21541];
rx = [rx 0.360548];
ry = [ry 1.20391];
rx = [rx 0.385257];
ry = [ry 1.24585];
rx = [rx 0.399983];
ry = [ry 1.24214];
rx = [rx 0.42919];
ry = [ry 1.32602];
rx = [rx 0.42183];
ry = [ry 1.1822];
rx = [rx 0.449317];
ry = [ry 1.26896];
rx = [rx 0.466076];
ry = [ry 1.28774];
rx = [rx 0.484094];
ry = [ry 1.32759];
rx = [rx 0.499841];
ry = [ry 1.35666];
rx = [rx 0.513093];
ry = [ry 1.36123];
rx = [rx 0.52365];
ry = [ry 1.30508];
rx = [rx 0.538671];
ry = [ry 1.3547];
rx = [rx 0.551082];
ry = [ry 1.26831];
rx = [rx 0.565208];
ry = [ry 1.29904];
rx = [rx 0.578778];
ry = [ry 1.31182];
rx = [rx 0.587908];
ry = [ry 1.41167];
rx = [rx 0.603263];
ry = [ry 1.35886];
rx = [rx 0.604166];
ry = [ry 1.50748];
rx = [rx 0.628042];
ry = [ry 1.37064];
rx = [rx 0.63789];
ry = [ry 1.39624];
rx = [rx 0.657884];
ry = [ry 1.33978];
rx = [rx 0.651792];
ry = [ry 1.46872];
rx = [rx 0.672797];
ry = [ry 1.41126];
rx = [rx 0.677848];
ry = [ry 1.45015];
rx = [rx 0.697423];
ry = [ry 1.41205];
rx = [rx 0.69467];
ry = [ry 1.48014];
rx = [rx 0.689793];
ry = [ry 1.54705];
rx = [rx 0.737309];
ry = [ry 1.40419];
rx = [rx 0.705257];
ry = [ry 1.56509];
rx = [rx 0.707987];
ry = [ry 1.58964];
rx = [rx 0.731752];
ry = [ry 1.54539];
rx = [rx 0.749455];
ry = [ry 1.52451];
rx = [rx 0.759346];
ry = [ry 1.52818];
rx = [rx 0.7493];
ry = [ry 1.58477];
rx = [rx 0.768283];
ry = [ry 1.56282];
rx = [rx 0.757044];
ry = [ry 1.61584];
rx = [rx 0.801977];
ry = [ry 1.53587];
rx = [rx 0.784558];
ry = [ry 1.5995];
rx = [rx 0.805209];
ry = [ry 1.57855];
rx = [rx 0.807861];
ry = [ry 1.59566];
rx = [rx 0.788892];
ry = [ry 1.65299];
rx = [rx 0.787157];
ry = [ry 1.67443];
rx = [rx 0.799079];
ry = [ry 1.67047];
rx = [rx 0.73082];
ry = [ry 1.80254];
rx = [rx 0.810084];
ry = [ry 1.68527];
rx = [rx 0.770232];
ry = [ry 1.76315];
rx = [rx 0.842004];
ry = [ry 1.66777];
rx = [rx 0.785187];
ry = [ry 1.76586];
rx = [rx 0.777024];
ry = [ry 1.7893];
rx = [rx 0.814525];
ry = [ry 1.74995];
rx = [rx 0.801217];
ry = [ry 1.77957];
rx = [rx 0.803498];
ry = [ry 1.78793];
rx = [rx 0.775283];
ry = [ry 1.83282];
rx = [rx 0.775341];
ry = [ry 1.84195];
rx = [rx 0.873611];
ry = [ry 1.74024];
rx = [rx 0.77789];
ry = [ry 1.85651];
rx = [rx 0.781895];
ry = [ry 1.86058];
rx = [rx 0.79123];
ry = [ry 1.85924];
rx = [rx 0.860205];
ry = [ry 1.79994];
rx = [rx 0.834114];
ry = [ry 1.83479];
rx = [rx 0.744092];
ry = [ry 1.92591];
rx = [rx 0.797595];
ry = [ry 1.88471];
rx = [rx 0.823128];
ry = [ry 1.87037];
rx = [rx 0.815271];
ry = [ry 1.88472];
rx = [rx 0.861751];
ry = [ry 1.85538];
rx = [rx 0.816658];
ry = [ry 1.89836];
rx = [rx 0.761888];
ry = [ry 1.94579];
rx = [rx 0.833584];
ry = [ry 1.90037];
rx = [rx 0.833335];
ry = [ry 1.90772];
rx = [rx 0.755654];
ry = [ry 1.96589];
rx = [rx 0.728002];
ry = [ry 1.98834];
rx = [rx 0.839385];
ry = [ry 1.9246];
rx = [rx 0.745108];
ry = [ry 1.98654];
rx = [rx 0.783585];
ry = [ry 1.96927];
rx = [rx 0.70695];
ry = [ry 2.01582];
rx = [rx 0.798192];
ry = [ry 1.97196];
rx = [rx 0.83395];
ry = [ry 1.95954];
rx = [rx 0.737017];
ry = [ry 2.01148];
rx = [rx 0.7884];
ry = [ry 1.99204];
rx = [rx 0.768877];
ry = [ry 2.00531];
rx = [rx 0.77545];
ry = [ry 2.00698];
rx = [rx 0.848374];
ry = [ry 1.98289];
rx = [rx 0.698881];
ry = [ry 2.04422];
rx = [rx 0.666716];
ry = [ry 2.05834];
rx = [rx 0.770417];
ry = [ry 2.02606];
rx = [rx 0.77764];
ry = [ry 2.02793];
rx = [rx 0.809344];
ry = [ry 2.02284];
rx = [rx 0.656803];
ry = [ry 2.06952];
rx = [rx 0.740654];
ry = [ry 2.04993];
rx = [rx 0.777075];
ry = [ry 2.04469];
rx = [rx 0.725958];
ry = [ry 2.05994];
rx = [rx 0.725261];
ry = [ry 2.06318];
rx = [rx 0.713612];
ry = [ry 2.06836];
rx = [rx 0.754953];
ry = [ry 2.06437];
rx = [rx 0.647146];
ry = [ry 2.08377];
rx = [rx 0.714676];
ry = [ry 2.07666];
rx = [rx 0.771835];
ry = [ry 2.07309];
rx = [rx 0.729741];
ry = [ry 2.08084];
rx = [rx 0.781227];
ry = [ry 2.07996];
rx = [rx 0.697627];
ry = [ry 2.08882];
rx = [rx 0.662855];
ry = [ry 2.09273];
rx = [rx 0.6606];
ry = [ry 2.09464];
rx = [rx 0.680259];
ry = [ry 2.09633];
rx = [rx 0.695358];
ry = [ry 2.09866];
rx = [rx 0.664614];
ry = [ry 2.10021];
rx = [rx 0.704497];
ry = [ry 2.10394];
rx = [rx 0.726709];
ry = [ry 2.10795];
rx = [rx 0.653285];
ry = [ry 2.10498];
rx = [rx 0.75824];
ry = [ry 2.11704];
rx = [rx 0.736203];
ry = [ry 2.11804];
rx = [rx 0.683764];
ry = [ry 2.1142];
rx = [rx 0.720765];
ry = [ry 2.12209];
rx = [rx 0.699769];
ry = [ry 2.12147];
rx = [rx 0.689665];
ry = [ry 2.12216];
rx = [rx 0.669421];
ry = [ry 2.1204];
rx = [rx 0.686492];
ry = [ry 2.1263];
rx = [rx 0.739701];
ry = [ry 2.1416];
rx = [rx 0.696636];
ry = [ry 2.13376];
rx = [rx 0.742729];
ry = [ry 2.14928];
rx = [rx 0.734177];
ry = [ry 2.15025];
rx = [rx 0.719464];
ry = [ry 2.14897];
rx = [rx 0.785062];
ry = [ry 2.17425];
rx = [rx 0.760165];
ry = [ry 2.16984];
rx = [rx 0.682943];
ry = [ry 2.14479];
rx = [rx 0.650047];
ry = [ry 2.13428];
rx = [rx 0.673294];
ry = [ry 2.14588];
rx = [rx 0.734644];
ry = [ry 2.17514];
rx = [rx 0.704748];
ry = [ry 2.16517];
rx = [rx 0.67562];
ry = [ry 2.15435];
rx = [rx 0.670906];
ry = [ry 2.15457];
rx = [rx 0.722594];
ry = [ry 2.18416];
rx = [rx 0.625829];
ry = [ry 2.13506];
rx = [rx 0.730267];
ry = [ry 2.19606];
rx = [rx 0.662634];
ry = [ry 2.16006];
rx = [rx 0.730465];
ry = [ry 2.20438];
rx = [rx 0.715018];
ry = [ry 2.19873];
rx = [rx 0.647338];
ry = [ry 2.15765];
rx = [rx 0.705157];
ry = [ry 2.19991];
rx = [rx 0.686643];
ry = [ry 2.19052];
rx = [rx 0.628071];
ry = [ry 2.15045];
rx = [rx 0.701447];
ry = [ry 2.209];
rx = [rx 0.689598];
ry = [ry 2.20362];
rx = [rx 0.70394];
ry = [ry 2.21937];
rx = [rx 0.656043];
ry = [ry 2.18267];
rx = [rx 0.696454];
ry = [ry 2.22166];
rx = [rx 0.665626];
ry = [ry 2.19772];
rx = [rx 0.723578];
ry = [ry 2.25656];
rx = [rx 0.718014];
ry = [ry 2.25673];
rx = [rx 0.688994];
ry = [ry 2.23273];
rx = [rx 0.628596];
ry = [ry 2.17361];
rx = [rx 0.658437];
ry = [ry 2.20905];
rx = [rx 0.657146];
ry = [ry 2.21158];
rx = [rx 0.642349];
ry = [ry 2.19829];
rx = [rx 0.679911];
