rx = [];
ry = [];
rx = [rx -0.395435];
ry = [ry 1.67615];
rx = [rx -0.47157];
ry = [ry 1.6219];
rx = [rx -0.435438];
ry = [ry 1.61734];
rx = [rx -0.383879];
ry = [ry 1.62161];
rx = [rx -0.425224];
ry = [ry 1.57969];
rx = [rx -0.391247];
ry = [ry 1.57622];
rx = [rx -0.342278];
ry = [ry 1.58231];
rx = [rx -0.39185];
ry = [ry 1.53252];
rx = [rx -0.423931];
ry = [ry 1.49061];
rx = [rx -0.368798];
ry = [ry 1.50194];
rx = [rx -0.346563];
ry = [ry 1.49381];
rx = [rx -0.393089];
ry = [ry 1.43925];
rx = [rx -0.330069];
ry = [ry 1.45949];
rx = [rx -0.415263];
ry = [ry 1.37332];
rx = [rx -0.410664];
ry = [ry 1.35046];
rx = [rx -0.380856];
ry = [ry 1.3471];
rx = [rx -0.37947];
ry = [ry 1.32139];
rx = [rx -0.331516];
ry = [ry 1.33456];
rx = [rx -0.24942];
ry = [ry 1.3799];
rx = [rx -0.325398];
ry = [ry 1.28539];
rx = [rx -0.281955];
ry = [ry 1.29792];
rx = [rx -0.260583];
ry = [ry 1.29083];
rx = [rx -0.298864];
ry = [ry 1.22383];
rx = [rx -0.260001];
ry = [ry 1.23397];
rx = [rx -0.269718];
ry = [ry 1.19311];
rx = [rx -0.167099];
ry = [ry 1.27669];
rx = [rx -0.238928];
ry = [ry 1.164];
rx = [rx -0.221005];
ry = [ry 1.15242];
rx = [rx -0.165604];
ry = [ry 1.18787];
rx = [rx -0.152532];
ry = [ry 1.17198];
rx = [rx -0.0344065];
ry = [ry 1.2971];
rx = [rx -0.115818];
ry = [ry 1.15411];
rx = [rx -0.0623097];
ry = [ry 1.19639];
rx = [rx -0.00194944];
ry = [ry 1.25308];
rx = [rx -0.00779054];
ry = [ry 1.21161];
rx = [rx 0.06401];
ry = [ry 1.29364];
rx = [rx 0.0417306];
ry = [ry 1.22417];
rx = [rx 0.0663942];
ry = [ry 1.2322];
rx = [rx 0.0743134];
ry = [ry 1.21095];
rx = [rx 0.117211];
ry = [ry 1.2554];
rx = [rx 0.126441];
ry = [ry 1.23734];
rx = [rx 0.128826];
ry = [ry 1.20404];
rx = [rx 0.18393];
ry = [ry 1.28327];
rx = [rx 0.182677];
ry = [ry 1.242];
rx = [rx 0.219665];
ry = [ry 1.28896];
rx = [rx 0.208308];
ry = [ry 1.21948];
rx = [rx 0.22003];
ry = [ry 1.20448];
rx = [rx 0.243065];
ry = [ry 1.22016];
rx = [rx 0.266225];
ry = [ry 1.23867];
rx = [rx 0.273179];
ry = [ry 1.20907];
rx = [rx 0.292302];
ry = [ry 1.21701];
rx = [rx 0.305294];
ry = [ry 1.20475];
rx = [rx 0.332355];
ry = [ry 1.24522];
rx = [rx 0.346846];
ry = [ry 1.24067];
rx = [rx 0.38079];
ry = [ry 1.32275];
rx = [rx 0.365238];
ry = [ry 1.17959];
rx = [rx 0.397629];
ry = [ry 1.26464];
rx = [rx 0.415432];
ry = [ry 1.28243];
rx = [rx 0.435694];
ry = [ry 1.32118];
rx = [rx 0.453073];
ry = [ry 1.34931];
rx = [rx 0.466564];
ry = [ry 1.35311];
rx = [rx 0.473902];
ry = [ry 1.29646];
rx = [rx 0.491729];
ry = [ry 1.34513];
rx = [rx 0.499192];
ry = [ry 1.25818];
rx = [rx 0.515047];
ry = [ry 1.28805];
rx = [rx 0.529324];
ry = [ry 1.30004];
rx = [rx 0.544135];
ry = [ry 1.39921];
rx = [rx 0.556452];
ry = [ry 1.3456];
rx = [rx 0.565832];
ry = [ry 1.49393];
rx = [rx 0.581864];
ry = [ry 1.35596];
rx = [rx 0.593156];
ry = [ry 1.38096];
rx = [rx 0.609897];
ry = [ry 1.32344];
rx = [rx 0.611169];
ry = [ry 1.45252];
rx = [rx 0.628863];
ry = [ry 1.39396];
rx = [rx 0.636124];
ry = [ry 1.4325];
rx = [rx 0.653494];
ry = [ry 1.39334];
rx = [rx 0.654629];
ry = [ry 1.46148];
rx = [rx 0.653577];
ry = [ry 1.52856];
rx = [rx 0.692867];
ry = [ry 1.38322];
rx = [rx 0.670045];
ry = [ry 1.54569];
rx = [rx 0.67417];
ry = [ry 1.57004];
rx = [rx 0.695373];
ry = [ry 1.52451];
rx = [rx 0.711857];
ry = [ry 1.50265];
rx = [rx 0.72194];
ry = [ry 1.50575];
rx = [rx 0.715139];
ry = [ry 1.56282];
rx = [rx 0.732839];
ry = [ry 1.53983];
rx = [rx 0.724642];
ry = [ry 1.5934];
rx = [rx 0.76494];
ry = [ry 1.51099];
rx = [rx 0.751179];
ry = [ry 1.57552];
rx = [rx 0.770602];
ry = [ry 1.55342];
rx = [rx 0.774225];
ry = [ry 1.57035];
rx = [rx 0.758558];
ry = [ry 1.62867];
rx = [rx 0.758048];
ry = [ry 1.65017];
rx = [rx 0.769725];
ry = [ry 1.64554];
rx = [rx 0.709111];
ry = [ry 1.78129];
rx = [rx 0.781556];
ry = [ry 1.65969];
rx = [rx 0.746212];
ry = [ry 1.73972];
rx = [rx 0.812426];
ry = [ry 1.64039];
rx = [rx 0.761297];
ry = [ry 1.74156];
rx = [rx 0.754485];
ry = [ry 1.76544];
rx = [rx 0.78968];
ry = [ry 1.72401];
rx = [rx 0.778083];
ry = [ry 1.75434];
rx = [rx 0.780837];
ry = [ry 1.76256];
rx = [rx 0.755228];
ry = [ry 1.80899];
rx = [rx 0.755807];
ry = [ry 1.8181];
rx = [rx 0.848115];
ry = [ry 1.71094];
rx = [rx 0.759183];
ry = [ry 1.83248];
rx = [rx 0.763413];
ry = [ry 1.83632];
rx = [rx 0.772657];
ry = [ry 1.83445];
rx = [rx 0.838137];
ry = [ry 1.77131];
rx = [rx 0.814076];
ry = [ry 1.80759];
rx = [rx 0.729399];
ry = [ry 1.9037];
rx = [rx 0.780464];
ry = [ry 1.85952];
rx = [rx 0.805137];
ry = [ry 1.84374];
rx = [rx 0.798112];
ry = [ry 1.85852];
rx = [rx 0.842843];
ry = [ry 1.82657];
rx = [rx 0.800275];
ry = [ry 1.87206];
rx = [rx 0.7483];
ry = [ry 1.92253];
rx = [rx 0.817287];
ry = [ry 1.8731];
rx = [rx 0.817459];
ry = [ry 1.88046];
rx = [rx 0.743223];
ry = [ry 1.94296];
rx = [rx 0.716896];
ry = [ry 1.96695];
rx = [rx 0.824461];
ry = [ry 1.89696];
rx = [rx 0.733872];
ry = [ry 1.96418];
rx = [rx 0.7713];
ry = [ry 1.94474];
rx = [rx 0.697446];
ry = [ry 1.99558];
rx = [rx 0.786037];
ry = [ry 1.94659];
rx = [rx 0.821029];
ry = [ry 1.93215];
rx = [rx 0.727216];
ry = [ry 1.98953];
rx = [rx 0.777407];
ry = [ry 1.96719];
rx = [rx 0.758673];
ry = [ry 1.98156];
rx = [rx 0.76533];
ry = [ry 1.98285];
rx = [rx 0.836761];
ry = [ry 1.95464];
rx = [rx 0.69101];
ry = [ry 2.0244];
rx = [rx 0.659703];
ry = [ry 2.04033];
rx = [rx 0.761394];
ry = [ry 2.00219];
rx = [rx 0.768712];
ry = [ry 2.00364];
rx = [rx 0.800073];
ry = [ry 1.99675];
rx = [rx 0.650444];
ry = [ry 2.05206];
rx = [rx 0.733041];
ry = [ry 2.02771];
rx = [rx 0.769104];
ry = [ry 2.0204];
rx = [rx 0.71894];
ry = [ry 2.03855];
rx = [rx 0.718428];
ry = [ry 2.04182];
rx = [rx 0.707094];
ry = [ry 2.04766];
rx = [rx 0.748141];
ry = [ry 2.04132];
rx = [rx 0.641615];
ry = [ry 2.06684];
rx = [rx 0.70863];
ry = [ry 2.05588];
rx = [rx 0.765492];
ry = [ry 2.04906];
rx = [rx 0.723909];
ry = [ry 2.0592];
rx = [rx 0.775261];
ry = [ry 2.05538];
rx = [rx 0.692302];
ry = [ry 2.06899];
rx = [rx 0.657809];
ry = [ry 2.07488];
rx = [rx 0.655667];
ry = [ry 2.07692];
rx = [rx 0.675391];
ry = [ry 2.07749];
rx = [rx 0.690599];
ry = [ry 2.07895];
rx = [rx 0.659993];
ry = [ry 2.08226];
rx = [rx 0.700023];
ry = [ry 2.0837];
rx = [rx 0.722428];
ry = [ry 2.08643];
rx = [rx 0.648955];
ry = [ry 2.08766];
rx = [rx 0.754427];
ry = [ry 2.09372];
rx = [rx 0.732483];
ry = [ry 2.09597];
rx = [rx 0.67991];
ry = [ry 2.09513];
rx = [rx 0.7173];
ry = [ry 2.10089];
rx = [rx 0.696303];
ry = [ry 2.10147];
rx = [rx 0.686254];
ry = [ry 2.10273];
rx = [rx 0.665944];
ry = [ry 2.10214];
rx = [rx 0.683323];
ry = [ry 2.10705];
rx = [rx 0.737319];
ry = [ry 2.11929];
rx = [rx 0.693876];
ry = [ry 2.11391];
rx = [rx 0.74078];
ry = [ry 2.12679];
rx = [rx 0.732297];
ry = [ry 2.12824];
rx = [rx 0.717535];
ry = [ry 2.12781];
rx = [rx 0.784468];
ry = [ry 2.1493];
rx = [rx 0.759359];
ry = [ry 2.14631];
rx = [rx 0.680835];
ry = [ry 2.12571];
rx = [rx 0.647393];
ry = [ry 2.1171];
rx = [rx 0.671264];
ry = [ry 2.12735];
rx = [rx 0.734184];
ry = [ry 2.15307];
rx = [rx 0.703767];
ry = [ry 2.14482];
rx = [rx 0.674069];
ry = [ry 2.13568];
rx = [rx 0.669375];
ry = [ry 2.13617];
rx = [rx 0.722666];
ry = [ry 2.16276];
rx = [rx 0.623259];
ry = [ry 2.11925];
rx = [rx 0.731006];
ry = [ry 2.1742];
rx = [rx 0.66143];
ry = [ry 2.14212];
rx = [rx 0.731678];
ry = [ry 2.1825];
rx = [rx 0.715934];
ry = [ry 2.17773];
rx = [rx 0.646021];
ry = [ry 2.14058];
rx = [rx 0.706156];
ry = [ry 2.17947];
rx = [rx 0.687137];
ry = [ry 2.17116];
rx = [rx 0.626375];
ry = [ry 2.13449];
rx = [rx 0.702971];
ry = [ry 2.18876];
rx = [rx 0.690834];
ry = [ry 2.18407];
rx = [rx 0.706052];
ry = [ry 2.19897];
rx = [rx 0.65614];
ry = [ry 2.16506];
rx = [rx 0.698709];
ry = [ry 2.20169];
rx = [rx 0.666565];
ry = [ry 2.17955];
rx = [rx 0.727779];
ry = [ry 2.23498];
rx = [rx 0.722235];
ry = [ry 2.23547];
rx = [rx 0.691893];
ry = [ry 2.21317];
rx = [rx 0.62822];
ry = [ry 2.15758];
rx = [rx 0.660034];
ry = [ry 2.19127];
rx = [rx 0.65889];
ry = [ry 2.19387];
rx = [rx 0.643358];
ry = [ry 2.18144];
rx = [rx 0.683679];
