rx = [];
ry = [];
rx = [rx -0.373634];
ry = [ry 1.64409];
rx = [rx -0.447373];
ry = [ry 1.58663];
rx = [rx -0.411078];
ry = [ry 1.58362];
rx = [rx -0.35975];
ry = [ry 1.5901];
rx = [rx -0.39926];
ry = [ry 1.54644];
rx = [rx -0.365165];
ry = [ry 1.54443];
rx = [rx -0.316502];
ry = [ry 1.55262];
rx = [rx -0.363894];
ry = [ry 1.50075];
rx = [rx -0.394149];
ry = [ry 1.4575];
rx = [rx -0.339552];
ry = [ry 1.47119];
rx = [rx -0.316989];
ry = [ry 1.46401];
rx = [rx -0.361133];
ry = [ry 1.40751];
rx = [rx -0.299038];
ry = [ry 1.43043];
rx = [rx -0.380461];
ry = [ry 1.34069];
rx = [rx -0.374886];
ry = [ry 1.31805];
rx = [rx -0.344962];
ry = [ry 1.31597];
rx = [rx -0.342474];
ry = [ry 1.29034];
rx = [rx -0.29513];
ry = [ry 1.30556];
rx = [rx -0.215052];
ry = [ry 1.35437];
rx = [rx -0.286909];
ry = [ry 1.25669];
rx = [rx -0.244043];
ry = [ry 1.27108];
rx = [rx -0.222387];
ry = [ry 1.26491];
rx = [rx -0.25776];
ry = [ry 1.19633];
rx = [rx -0.219368];
ry = [ry 1.20813];
rx = [rx -0.227324];
ry = [ry 1.16689];
rx = [rx -0.128383];
ry = [ry 1.25479];
rx = [rx -0.195314];
ry = [ry 1.13912];
rx = [rx -0.176911];
ry = [ry 1.12832];
rx = [rx -0.123081];
ry = [ry 1.16611];
rx = [rx -0.10934];
ry = [ry 1.1508];
rx = [rx 0.00331295];
ry = [ry 1.28087];
rx = [rx -0.0718939];
ry = [ry 1.13452];
rx = [rx -0.020247];
ry = [ry 1.17906];
rx = [rx 0.0376276];
ry = [ry 1.23828];
rx = [rx 0.0335697];
ry = [ry 1.19659];
rx = [rx 0.101788];
ry = [ry 1.28163];
rx = [rx 0.0825069];
ry = [ry 1.21127];
rx = [rx 0.106804];
ry = [ry 1.22034];
rx = [rx 0.115626];
ry = [ry 1.19946];
rx = [rx 0.156578];
ry = [ry 1.24571];
rx = [rx 0.166575];
ry = [ry 1.22806];
rx = [rx 0.170385];
ry = [ry 1.19489];
rx = [rx 0.222041];
ry = [ry 1.27641];
rx = [rx 0.222559];
ry = [ry 1.23512];
rx = [rx 0.2575];
ry = [ry 1.28363];
rx = [rx 0.249132];
ry = [ry 1.21372];
rx = [rx 0.261486];
ry = [ry 1.19924];
rx = [rx 0.283828];
ry = [ry 1.21589];
rx = [rx 0.306173];
ry = [ry 1.23537];
rx = [rx 0.31439];
ry = [ry 1.2061];
rx = [rx 0.333154];
ry = [ry 1.21486];
rx = [rx 0.34666];
ry = [ry 1.20317];
rx = [rx 0.371962];
ry = [ry 1.24476];
rx = [rx 0.386634];
ry = [ry 1.24084];
rx = [rx 0.417028];
ry = [ry 1.32429];
rx = [rx 0.407628];
ry = [ry 1.1806];
rx = [rx 0.436343];
ry = [ry 1.26695];
rx = [rx 0.453367];
ry = [ry 1.2855];
rx = [rx 0.471949];
ry = [ry 1.32508];
rx = [rx 0.488107];
ry = [ry 1.35392];
rx = [rx 0.501422];
ry = [ry 1.35831];
rx = [rx 0.511182];
ry = [ry 1.30202];
rx = [rx 0.526905];
ry = [ry 1.35141];
rx = [rx 0.538089];
ry = [ry 1.26486];
rx = [rx 0.552649];
ry = [ry 1.29538];
rx = [rx 0.566399];
ry = [ry 1.30797];
rx = [rx 0.576945];
ry = [ry 1.40768];
rx = [rx 0.591549];
ry = [ry 1.35466];
rx = [rx 0.594562];
ry = [ry 1.50325];
rx = [rx 0.616493];
ry = [ry 1.36609];
rx = [rx 0.626704];
ry = [ry 1.39155];
rx = [rx 0.645895];
ry = [ry 1.33481];
rx = [rx 0.641633];
ry = [ry 1.46382];
rx = [rx 0.661821];
ry = [ry 1.40607];
rx = [rx 0.667423];
ry = [ry 1.44488];
rx = [rx 0.686455];
ry = [ry 1.40651];
rx = [rx 0.684668];
ry = [ry 1.47463];
rx = [rx 0.680742];
ry = [ry 1.54161];
rx = [rx 0.726226];
ry = [ry 1.39809];
rx = [rx 0.69646];
ry = [ry 1.55943];
rx = [rx 0.699538];
ry = [ry 1.58393];
rx = [rx 0.722673];
ry = [ry 1.53935];
rx = [rx 0.740078];
ry = [ry 1.51822];
rx = [rx 0.75002];
ry = [ry 1.52175];
rx = [rx 0.740778];
ry = [ry 1.57848];
rx = [rx 0.759448];
ry = [ry 1.55626];
rx = [rx 0.748962];
ry = [ry 1.60944];
rx = [rx 0.792756];
ry = [ry 1.52883];
rx = [rx 0.776241];
ry = [ry 1.59271];
rx = [rx 0.796593];
ry = [ry 1.57146];
rx = [rx 0.799488];
ry = [ry 1.58853];
rx = [rx 0.781334];
ry = [ry 1.64613];
rx = [rx 0.779903];
ry = [ry 1.66759];
rx = [rx 0.791768];
ry = [ry 1.66346];
rx = [rx 0.72539];
ry = [ry 1.79649];
rx = [rx 0.802982];
ry = [ry 1.6781];
rx = [rx 0.76424];
ry = [ry 1.75654];
rx = [rx 0.83465];
ry = [ry 1.66015];
rx = [rx 0.779231];
ry = [ry 1.75903];
rx = [rx 0.771402];
ry = [ry 1.78259];
rx = [rx 0.808341];
ry = [ry 1.74271];
rx = [rx 0.795454];
ry = [ry 1.77252];
rx = [rx 0.797854];
ry = [ry 1.78084];
rx = [rx 0.770278];
ry = [ry 1.82613];
rx = [rx 0.770466];
ry = [ry 1.83526];
rx = [rx 0.867282];
ry = [ry 1.73216];
rx = [rx 0.773222];
ry = [ry 1.84978];
rx = [rx 0.777283];
ry = [ry 1.8538];
rx = [rx 0.786598];
ry = [ry 1.85233];
rx = [rx 0.854725];
ry = [ry 1.79205];
rx = [rx 0.829131];
ry = [ry 1.82726];
rx = [rx 0.740411];
ry = [ry 1.91966];
rx = [rx 0.793324];
ry = [ry 1.8777];
rx = [rx 0.818651];
ry = [ry 1.863];
rx = [rx 0.810999];
ry = [ry 1.87746];
rx = [rx 0.857058];
ry = [ry 1.84746];
rx = [rx 0.812579];
ry = [ry 1.89108];
rx = [rx 0.758488];
ry = [ry 1.93928];
rx = [rx 0.829532];
ry = [ry 1.89284];
rx = [rx 0.829387];
ry = [ry 1.90021];
rx = [rx 0.75254];
ry = [ry 1.95947];
rx = [rx 0.725209];
ry = [ry 1.98231];
rx = [rx 0.835676];
ry = [ry 1.917];
rx = [rx 0.742288];
ry = [ry 1.98027];
rx = [rx 0.780515];
ry = [ry 1.96245];
rx = [rx 0.704549];
ry = [ry 2.01008];
rx = [rx 0.795159];
ry = [ry 1.96493];
rx = [rx 0.830738];
ry = [ry 1.95201];
rx = [rx 0.734551];
ry = [ry 2.00531];
rx = [rx 0.785653];
ry = [ry 1.98515];
rx = [rx 0.766321];
ry = [ry 1.9987];
rx = [rx 0.772917];
ry = [ry 2.00027];
rx = [rx 0.845491];
ry = [ry 1.97515];
rx = [rx 0.696884];
ry = [ry 2.0386];
rx = [rx 0.664923];
ry = [ry 2.05317];
rx = [rx 0.768155];
ry = [ry 2.01942];
rx = [rx 0.775404];
ry = [ry 2.02119];
rx = [rx 0.807032];
ry = [ry 2.01564];
rx = [rx 0.65517];
ry = [ry 2.06449];
rx = [rx 0.738734];
ry = [ry 2.04371];
rx = [rx 0.775077];
ry = [ry 2.03795];
rx = [rx 0.724181];
ry = [ry 2.05393];
rx = [rx 0.72353];
ry = [ry 2.05717];
rx = [rx 0.711956];
ry = [ry 2.06253];
rx = [rx 0.753237];
ry = [ry 2.05795];
rx = [rx 0.645715];
ry = [ry 2.07888];
rx = [rx 0.713138];
ry = [ry 2.07081];
rx = [rx 0.77024];
ry = [ry 2.06643];
rx = [rx 0.72826];
ry = [ry 2.07478];
rx = [rx 0.779729];
ry = [ry 2.07316];
rx = [rx 0.696263];
ry = [ry 2.08321];
rx = [rx 0.661549];
ry = [ry 2.08761];
rx = [rx 0.659322];
ry = [ry 2.08955];
rx = [rx 0.679003];
ry = [ry 2.09097];
rx = [rx 0.694134];
ry = [ry 2.09308];
rx = [rx 0.663415];
ry = [ry 2.09507];
rx = [rx 0.703346];
ry = [ry 2.09823];
rx = [rx 0.725614];
ry = [ry 2.10192];
rx = [rx 0.652155];
ry = [ry 2.1];
rx = [rx 0.757271];
ry = [ry 2.11057];
rx = [rx 0.73525];
ry = [ry 2.11188];
rx = [rx 0.682762];
ry = [ry 2.10879];
rx = [rx 0.71987];
ry = [ry 2.11615];
rx = [rx 0.698868];
ry = [ry 2.11582];
rx = [rx 0.688774];
ry = [ry 2.11665];
rx = [rx 0.668508];
ry = [ry 2.11519];
rx = [rx 0.685661];
ry = [ry 2.12084];
rx = [rx 0.739082];
ry = [ry 2.13538];
rx = [rx 0.69591];
ry = [ry 2.12815];
rx = [rx 0.742219];
ry = [ry 2.14302];
rx = [rx 0.733681];
ry = [ry 2.14412];
rx = [rx 0.718951];
ry = [ry 2.14305];
rx = [rx 0.784901];
ry = [ry 2.16739];
rx = [rx 0.759944];
ry = [ry 2.16333];
rx = [rx 0.682374];
ry = [ry 2.13938];
rx = [rx 0.649333];
ry = [ry 2.12934];
rx = [rx 0.672743];
ry = [ry 2.14061];
rx = [rx 0.734502];
ry = [ry 2.169];
rx = [rx 0.704467];
ry = [ry 2.15945];
rx = [rx 0.675188];
ry = [ry 2.14905];
rx = [rx 0.670478];
ry = [ry 2.14933];
rx = [rx 0.72258];
ry = [ry 2.17818];
rx = [rx 0.625128];
ry = [ry 2.13046];
rx = [rx 0.730422];
ry = [ry 2.18997];
rx = [rx 0.662284];
ry = [ry 2.15494];
rx = [rx 0.730737];
ry = [ry 2.19829];
rx = [rx 0.715211];
ry = [ry 2.19286];
rx = [rx 0.646956];
ry = [ry 2.15275];
rx = [rx 0.705368];
ry = [ry 2.19418];
rx = [rx 0.686723];
ry = [ry 2.18505];
rx = [rx 0.627589];
ry = [ry 2.14582];
rx = [rx 0.701788];
ry = [ry 2.20332];
rx = [rx 0.689863];
ry = [ry 2.19811];
rx = [rx 0.704428];
ry = [ry 2.21365];
rx = [rx 0.656015];
ry = [ry 2.17764];
rx = [rx 0.696975];
ry = [ry 2.21605];
rx = [rx 0.66581];
ry = [ry 2.19255];
rx = [rx 0.724591];
ry = [ry 2.25056];
rx = [rx 0.719031];
ry = [ry 2.25081];
rx = [rx 0.689673];
ry = [ry 2.22723];
rx = [rx 0.628442];
ry = [ry 2.16896];
rx = [rx 0.658783];
ry = [ry 2.20398];
rx = [rx 0.657528];
ry = [ry 2.20654];
rx = [rx 0.642544];
ry = [ry 2.19345];
rx = [rx 0.680803];
