rx = [];
ry = [];
rx = [rx -0.401633];
ry = [ry 1.67378];
rx = [rx -0.477768];
ry = [ry 1.61954];
rx = [rx -0.441636];
ry = [ry 1.61497];
rx = [rx -0.390077];
ry = [ry 1.61924];
rx = [rx -0.431422];
ry = [ry 1.57732];
rx = [rx -0.397444];
ry = [ry 1.57385];
rx = [rx -0.348476];
ry = [ry 1.57994];
rx = [rx -0.398048];
ry = [ry 1.53015];
rx = [rx -0.430128];
ry = [ry 1.48824];
rx = [rx -0.374995];
ry = [ry 1.49957];
rx = [rx -0.35276];
ry = [ry 1.49144];
rx = [rx -0.399286];
ry = [ry 1.43689];
rx = [rx -0.336266];
ry = [ry 1.45712];
rx = [rx -0.421461];
ry = [ry 1.37095];
rx = [rx -0.416861];
ry = [ry 1.34809];
rx = [rx -0.387054];
ry = [ry 1.34474];
rx = [rx -0.385667];
ry = [ry 1.31903];
rx = [rx -0.337714];
ry = [ry 1.3322];
rx = [rx -0.255618];
ry = [ry 1.37753];
rx = [rx -0.331596];
ry = [ry 1.28302];
rx = [rx -0.288152];
ry = [ry 1.29556];
rx = [rx -0.266781];
ry = [ry 1.28846];
rx = [rx -0.305061];
ry = [ry 1.22147];
rx = [rx -0.266198];
ry = [ry 1.23161];
rx = [rx -0.275915];
ry = [ry 1.19074];
rx = [rx -0.173297];
ry = [ry 1.27432];
rx = [rx -0.245125];
ry = [ry 1.16163];
rx = [rx -0.227202];
ry = [ry 1.15005];
rx = [rx -0.171801];
ry = [ry 1.1855];
rx = [rx -0.158729];
ry = [ry 1.16962];
rx = [rx -0.040604];
ry = [ry 1.29474];
rx = [rx -0.122016];
ry = [ry 1.15174];
rx = [rx -0.0685072];
ry = [ry 1.19402];
rx = [rx -0.00814691];
ry = [ry 1.25071];
rx = [rx -0.013988];
ry = [ry 1.20924];
rx = [rx 0.0578125];
ry = [ry 1.29127];
rx = [rx 0.0355331];
ry = [ry 1.2218];
rx = [rx 0.0601967];
ry = [ry 1.22983];
rx = [rx 0.068116];
ry = [ry 1.20859];
rx = [rx 0.111013];
ry = [ry 1.25303];
rx = [rx 0.120244];
ry = [ry 1.23497];
rx = [rx 0.122629];
ry = [ry 1.20167];
rx = [rx 0.177732];
ry = [ry 1.28091];
rx = [rx 0.17648];
ry = [ry 1.23963];
rx = [rx 0.213468];
ry = [ry 1.28659];
rx = [rx 0.202111];
ry = [ry 1.21711];
rx = [rx 0.213832];
ry = [ry 1.20211];
rx = [rx 0.236867];
ry = [ry 1.21779];
rx = [rx 0.260027];
ry = [ry 1.2363];
rx = [rx 0.266982];
ry = [ry 1.2067];
rx = [rx 0.286104];
ry = [ry 1.21465];
rx = [rx 0.299096];
ry = [ry 1.20238];
rx = [rx 0.326158];
ry = [ry 1.24285];
rx = [rx 0.340649];
ry = [ry 1.23831];
rx = [rx 0.374592];
ry = [ry 1.32038];
rx = [rx 0.35904];
ry = [ry 1.17722];
rx = [rx 0.391432];
ry = [ry 1.26227];
rx = [rx 0.409235];
ry = [ry 1.28006];
rx = [rx 0.429496];
ry = [ry 1.31882];
rx = [rx 0.446876];
ry = [ry 1.34694];
rx = [rx 0.460367];
ry = [ry 1.35075];
rx = [rx 0.467705];
ry = [ry 1.29409];
rx = [rx 0.485531];
ry = [ry 1.34277];
rx = [rx 0.492994];
ry = [ry 1.25581];
rx = [rx 0.508849];
ry = [ry 1.28569];
rx = [rx 0.523127];
ry = [ry 1.29767];
rx = [rx 0.537937];
ry = [ry 1.39684];
rx = [rx 0.550255];
ry = [ry 1.34324];
rx = [rx 0.559634];
ry = [ry 1.49156];
rx = [rx 0.575666];
ry = [ry 1.35359];
rx = [rx 0.586959];
ry = [ry 1.37859];
rx = [rx 0.603699];
ry = [ry 1.32108];
rx = [rx 0.604972];
ry = [ry 1.45015];
rx = [rx 0.622666];
ry = [ry 1.39159];
rx = [rx 0.629927];
ry = [ry 1.43013];
rx = [rx 0.647296];
ry = [ry 1.39097];
rx = [rx 0.648431];
ry = [ry 1.45911];
rx = [rx 0.64738];
ry = [ry 1.52619];
rx = [rx 0.686669];
ry = [ry 1.38085];
rx = [rx 0.663848];
ry = [ry 1.54332];
rx = [rx 0.667973];
ry = [ry 1.56767];
rx = [rx 0.689176];
ry = [ry 1.52214];
rx = [rx 0.705659];
ry = [ry 1.50029];
rx = [rx 0.715743];
ry = [ry 1.50338];
rx = [rx 0.708941];
ry = [ry 1.56045];
rx = [rx 0.726642];
ry = [ry 1.53746];
rx = [rx 0.718445];
ry = [ry 1.59103];
rx = [rx 0.758743];
ry = [ry 1.50862];
rx = [rx 0.744982];
ry = [ry 1.57315];
rx = [rx 0.764405];
ry = [ry 1.55106];
rx = [rx 0.768028];
ry = [ry 1.56798];
rx = [rx 0.752361];
ry = [ry 1.62631];
rx = [rx 0.751851];
ry = [ry 1.64781];
rx = [rx 0.763528];
ry = [ry 1.64317];
rx = [rx 0.702913];
ry = [ry 1.77892];
rx = [rx 0.775359];
ry = [ry 1.65732];
rx = [rx 0.740015];
ry = [ry 1.73735];
rx = [rx 0.806229];
ry = [ry 1.63803];
rx = [rx 0.755099];
ry = [ry 1.7392];
rx = [rx 0.748288];
ry = [ry 1.76307];
rx = [rx 0.783482];
ry = [ry 1.72164];
rx = [rx 0.771886];
ry = [ry 1.75198];
rx = [rx 0.77464];
ry = [ry 1.76019];
rx = [rx 0.749031];
ry = [ry 1.80662];
rx = [rx 0.74961];
ry = [ry 1.81573];
rx = [rx 0.841918];
ry = [ry 1.70858];
rx = [rx 0.752986];
ry = [ry 1.83012];
rx = [rx 0.757216];
ry = [ry 1.83395];
rx = [rx 0.766459];
ry = [ry 1.83209];
rx = [rx 0.83194];
ry = [ry 1.76895];
rx = [rx 0.807879];
ry = [ry 1.80522];
rx = [rx 0.723201];
ry = [ry 1.90134];
rx = [rx 0.774267];
ry = [ry 1.85715];
rx = [rx 0.79894];
ry = [ry 1.84137];
rx = [rx 0.791915];
ry = [ry 1.85615];
rx = [rx 0.836645];
ry = [ry 1.82421];
rx = [rx 0.794077];
ry = [ry 1.86969];
rx = [rx 0.742102];
ry = [ry 1.92017];
rx = [rx 0.81109];
ry = [ry 1.87073];
rx = [rx 0.811261];
ry = [ry 1.87809];
rx = [rx 0.737025];
ry = [ry 1.94059];
rx = [rx 0.710699];
ry = [ry 1.96458];
rx = [rx 0.818264];
ry = [ry 1.89459];
rx = [rx 0.727674];
ry = [ry 1.96181];
rx = [rx 0.765103];
ry = [ry 1.94237];
rx = [rx 0.691248];
ry = [ry 1.99322];
rx = [rx 0.779839];
ry = [ry 1.94422];
rx = [rx 0.814832];
ry = [ry 1.92978];
rx = [rx 0.721018];
ry = [ry 1.98717];
rx = [rx 0.771209];
ry = [ry 1.96483];
rx = [rx 0.752476];
ry = [ry 1.9792];
rx = [rx 0.759132];
ry = [ry 1.98048];
rx = [rx 0.830563];
ry = [ry 1.95227];
rx = [rx 0.684812];
ry = [ry 2.02203];
rx = [rx 0.653505];
ry = [ry 2.03796];
rx = [rx 0.755196];
ry = [ry 1.99982];
rx = [rx 0.762514];
ry = [ry 2.00127];
rx = [rx 0.793875];
ry = [ry 1.99438];
rx = [rx 0.644247];
ry = [ry 2.04969];
rx = [rx 0.726843];
ry = [ry 2.02534];
rx = [rx 0.762906];
ry = [ry 2.01803];
rx = [rx 0.712742];
ry = [ry 2.03618];
rx = [rx 0.712231];
ry = [ry 2.03945];
rx = [rx 0.700896];
ry = [ry 2.04529];
rx = [rx 0.741943];
ry = [ry 2.03895];
rx = [rx 0.635418];
ry = [ry 2.06447];
rx = [rx 0.702433];
ry = [ry 2.05352];
rx = [rx 0.759294];
ry = [ry 2.04669];
rx = [rx 0.717711];
ry = [ry 2.05683];
rx = [rx 0.769063];
ry = [ry 2.05302];
rx = [rx 0.686105];
ry = [ry 2.06663];
rx = [rx 0.651612];
ry = [ry 2.07251];
rx = [rx 0.64947];
ry = [ry 2.07455];
rx = [rx 0.669194];
ry = [ry 2.07512];
rx = [rx 0.684401];
ry = [ry 2.07659];
rx = [rx 0.653796];
ry = [ry 2.07989];
rx = [rx 0.693826];
ry = [ry 2.08133];
rx = [rx 0.716231];
ry = [ry 2.08407];
rx = [rx 0.642757];
ry = [ry 2.08529];
rx = [rx 0.748229];
ry = [ry 2.09135];
rx = [rx 0.726285];
ry = [ry 2.09361];
rx = [rx 0.673712];
ry = [ry 2.09276];
rx = [rx 0.711103];
ry = [ry 2.09853];
rx = [rx 0.690105];
ry = [ry 2.0991];
rx = [rx 0.680057];
ry = [ry 2.10037];
rx = [rx 0.659746];
ry = [ry 2.09977];
rx = [rx 0.677125];
ry = [ry 2.10468];
rx = [rx 0.731121];
ry = [ry 2.11692];
rx = [rx 0.687679];
ry = [ry 2.11155];
rx = [rx 0.734583];
ry = [ry 2.12442];
rx = [rx 0.7261];
ry = [ry 2.12588];
rx = [rx 0.711337];
ry = [ry 2.12544];
rx = [rx 0.77827];
ry = [ry 2.14693];
rx = [rx 0.753162];
ry = [ry 2.14395];
rx = [rx 0.674637];
ry = [ry 2.12335];
rx = [rx 0.641196];
ry = [ry 2.11473];
rx = [rx 0.665067];
ry = [ry 2.12499];
rx = [rx 0.727986];
ry = [ry 2.1507];
rx = [rx 0.69757];
ry = [ry 2.14245];
rx = [rx 0.667871];
ry = [ry 2.13331];
rx = [rx 0.663178];
ry = [ry 2.1338];
rx = [rx 0.716469];
ry = [ry 2.16039];
rx = [rx 0.617061];
ry = [ry 2.11688];
rx = [rx 0.724809];
ry = [ry 2.17183];
rx = [rx 0.655232];
ry = [ry 2.13975];
rx = [rx 0.725481];
ry = [ry 2.18013];
rx = [rx 0.709736];
ry = [ry 2.17537];
rx = [rx 0.639824];
ry = [ry 2.13822];
rx = [rx 0.699959];
ry = [ry 2.17711];
rx = [rx 0.680939];
ry = [ry 2.16879];
rx = [rx 0.620178];
ry = [ry 2.13213];
rx = [rx 0.696773];
ry = [ry 2.18639];
rx = [rx 0.684637];
ry = [ry 2.1817];
rx = [rx 0.699855];
ry = [ry 2.1966];
rx = [rx 0.649942];
ry = [ry 2.1627];
rx = [rx 0.692511];
ry = [ry 2.19932];
rx = [rx 0.660368];
ry = [ry 2.17718];
rx = [rx 0.721582];
ry = [ry 2.23262];
rx = [rx 0.716037];
ry = [ry 2.23311];
rx = [rx 0.685695];
ry = [ry 2.2108];
rx = [rx 0.622023];
ry = [ry 2.15521];
rx = [rx 0.653837];
ry = [ry 2.1889];
rx = [rx 0.652692];
ry = [ry 2.1915];
rx = [rx 0.637161];
ry = [ry 2.17907];
