rx = [];
ry = [];
rx = [rx -0.364821];
ry = [ry 1.63468];
rx = [rx -0.437737];
ry = [ry 1.57618];
rx = [rx -0.401403];
ry = [ry 1.57368];
rx = [rx -0.350172];
ry = [ry 1.58089];
rx = [rx -0.389059];
ry = [ry 1.53668];
rx = [rx -0.354938];
ry = [ry 1.53515];
rx = [rx -0.306397];
ry = [ry 1.54403];
rx = [rx -0.353048];
ry = [ry 1.49149];
rx = [rx -0.382686];
ry = [ry 1.44782];
rx = [rx -0.328289];
ry = [ry 1.46228];
rx = [rx -0.305626];
ry = [ry 1.45543];
rx = [rx -0.348965];
ry = [ry 1.39831];
rx = [rx -0.287201];
ry = [ry 1.4221];
rx = [rx -0.367342];
ry = [ry 1.33121];
rx = [rx -0.361446];
ry = [ry 1.30866];
rx = [rx -0.331495];
ry = [ry 1.30701];
rx = [rx -0.328644];
ry = [ry 1.28141];
rx = [rx -0.281521];
ry = [ry 1.2973];
rx = [rx -0.202144];
ry = [ry 1.34724];
rx = [rx -0.272608];
ry = [ry 1.24855];
rx = [rx -0.22995];
ry = [ry 1.26354];
rx = [rx -0.208208];
ry = [ry 1.25768];
rx = [rx -0.242605];
ry = [ry 1.18861];
rx = [rx -0.204384];
ry = [ry 1.20095];
rx = [rx -0.211754];
ry = [ry 1.1596];
rx = [rx -0.11407];
ry = [ry 1.2489];
rx = [rx -0.179353];
ry = [ry 1.13229];
rx = [rx -0.160799];
ry = [ry 1.12175];
rx = [rx -0.10751];
ry = [ry 1.16031];
rx = [rx -0.0935537];
ry = [ry 1.14519];
rx = [rx 0.0172422];
ry = [ry 1.27685];
rx = [rx -0.0558802];
ry = [ry 1.12944];
rx = [rx -0.00487054];
ry = [ry 1.17471];
rx = [rx 0.0521578];
ry = [ry 1.23475];
rx = [rx 0.0486919];
ry = [ry 1.19301];
rx = [rx 0.115696];
ry = [ry 1.279];
rx = [rx 0.0974159];
ry = [ry 1.20837];
rx = [rx 0.121581];
ry = [ry 1.2178];
rx = [rx 0.130699];
ry = [ry 1.19704];
rx = [rx 0.170991];
ry = [ry 1.24386];
rx = [rx 0.181238];
ry = [ry 1.22635];
rx = [rx 0.185518];
ry = [ry 1.19324];
rx = [rx 0.236012];
ry = [ry 1.27549];
rx = [rx 0.237116];
ry = [ry 1.23422];
rx = [rx 0.271365];
ry = [ry 1.28321];
rx = [rx 0.263989];
ry = [ry 1.2132];
rx = [rx 0.276548];
ry = [ry 1.19889];
rx = [rx 0.298651];
ry = [ry 1.21585];
rx = [rx 0.320717];
ry = [ry 1.23565];
rx = [rx 0.329349];
ry = [ry 1.2065];
rx = [rx 0.347987];
ry = [ry 1.21553];
rx = [rx 0.361657];
ry = [ry 1.20402];
rx = [rx 0.386366];
ry = [ry 1.24597];
rx = [rx 0.401093];
ry = [ry 1.24226];
rx = [rx 0.4303];
ry = [ry 1.32613];
rx = [rx 0.422939];
ry = [ry 1.18232];
rx = [rx 0.450427];
ry = [ry 1.26908];
rx = [rx 0.467186];
ry = [ry 1.28786];
rx = [rx 0.485203];
ry = [ry 1.3277];
rx = [rx 0.500951];
ry = [ry 1.35677];
rx = [rx 0.514202];
ry = [ry 1.36134];
rx = [rx 0.52476];
ry = [ry 1.3052];
rx = [rx 0.539781];
ry = [ry 1.35481];
rx = [rx 0.552192];
ry = [ry 1.26843];
rx = [rx 0.566317];
ry = [ry 1.29915];
rx = [rx 0.579887];
ry = [ry 1.31193];
rx = [rx 0.589017];
ry = [ry 1.41179];
rx = [rx 0.604372];
ry = [ry 1.35897];
rx = [rx 0.605276];
ry = [ry 1.50759];
rx = [rx 0.629152];
ry = [ry 1.37076];
rx = [rx 0.639];
ry = [ry 1.39636];
rx = [rx 0.658994];
ry = [ry 1.3399];
rx = [rx 0.652901];
ry = [ry 1.46884];
rx = [rx 0.673907];
ry = [ry 1.41138];
rx = [rx 0.678958];
ry = [ry 1.45027];
rx = [rx 0.698533];
ry = [ry 1.41217];
rx = [rx 0.695779];
ry = [ry 1.48026];
rx = [rx 0.690903];
ry = [ry 1.54717];
rx = [rx 0.738419];
ry = [ry 1.40431];
rx = [rx 0.706367];
ry = [ry 1.56521];
rx = [rx 0.709096];
ry = [ry 1.58976];
rx = [rx 0.732862];
ry = [ry 1.54551];
rx = [rx 0.750565];
ry = [ry 1.52463];
rx = [rx 0.760456];
ry = [ry 1.52829];
rx = [rx 0.75041];
ry = [ry 1.58489];
rx = [rx 0.769393];
ry = [ry 1.56294];
rx = [rx 0.758153];
ry = [ry 1.61596];
rx = [rx 0.803087];
ry = [ry 1.53598];
rx = [rx 0.785668];
ry = [ry 1.59962];
rx = [rx 0.806319];
ry = [ry 1.57867];
rx = [rx 0.808971];
ry = [ry 1.59577];
rx = [rx 0.790002];
ry = [ry 1.65311];
rx = [rx 0.788266];
ry = [ry 1.67455];
rx = [rx 0.800189];
ry = [ry 1.67059];
rx = [rx 0.73193];
ry = [ry 1.80266];
rx = [rx 0.811194];
ry = [ry 1.68538];
rx = [rx 0.771342];
ry = [ry 1.76327];
rx = [rx 0.843114];
ry = [ry 1.66788];
rx = [rx 0.786297];
ry = [ry 1.76597];
rx = [rx 0.778134];
ry = [ry 1.78942];
rx = [rx 0.815635];
ry = [ry 1.75007];
rx = [rx 0.802327];
ry = [ry 1.77969];
rx = [rx 0.804608];
ry = [ry 1.78805];
rx = [rx 0.776392];
ry = [ry 1.83294];
rx = [rx 0.776451];
ry = [ry 1.84207];
rx = [rx 0.87472];
ry = [ry 1.74035];
rx = [rx 0.779];
ry = [ry 1.85663];
rx = [rx 0.783004];
ry = [ry 1.8607];
rx = [rx 0.792339];
ry = [ry 1.85936];
rx = [rx 0.861315];
ry = [ry 1.80006];
rx = [rx 0.835224];
ry = [ry 1.8349];
rx = [rx 0.745202];
ry = [ry 1.92603];
rx = [rx 0.798705];
ry = [ry 1.88483];
rx = [rx 0.824237];
ry = [ry 1.87049];
rx = [rx 0.816381];
ry = [ry 1.88484];
rx = [rx 0.862861];
ry = [ry 1.8555];
rx = [rx 0.817767];
ry = [ry 1.89848];
rx = [rx 0.762998];
ry = [ry 1.94591];
rx = [rx 0.834693];
ry = [ry 1.90048];
rx = [rx 0.834444];
ry = [ry 1.90784];
rx = [rx 0.756764];
ry = [ry 1.96601];
rx = [rx 0.729112];
ry = [ry 1.98846];
rx = [rx 0.840494];
ry = [ry 1.92472];
rx = [rx 0.746218];
ry = [ry 1.98666];
rx = [rx 0.784694];
ry = [ry 1.96939];
rx = [rx 0.70806];
ry = [ry 2.01594];
rx = [rx 0.799301];
ry = [ry 1.97208];
rx = [rx 0.83506];
ry = [ry 1.95966];
rx = [rx 0.738126];
ry = [ry 2.01159];
rx = [rx 0.78951];
ry = [ry 1.99215];
rx = [rx 0.769987];
ry = [ry 2.00543];
rx = [rx 0.77656];
ry = [ry 2.0071];
rx = [rx 0.849483];
ry = [ry 1.98301];
rx = [rx 0.699991];
ry = [ry 2.04434];
rx = [rx 0.667826];
ry = [ry 2.05845];
rx = [rx 0.771526];
ry = [ry 2.02618];
rx = [rx 0.77875];
ry = [ry 2.02805];
rx = [rx 0.810453];
ry = [ry 2.02295];
rx = [rx 0.657913];
ry = [ry 2.06964];
rx = [rx 0.741764];
ry = [ry 2.05004];
rx = [rx 0.778185];
ry = [ry 2.0448];
rx = [rx 0.727067];
ry = [ry 2.06006];
rx = [rx 0.72637];
ry = [ry 2.06329];
rx = [rx 0.714721];
ry = [ry 2.06848];
rx = [rx 0.756063];
ry = [ry 2.06449];
rx = [rx 0.648255];
ry = [ry 2.08389];
rx = [rx 0.715786];
ry = [ry 2.07678];
rx = [rx 0.772944];
ry = [ry 2.07321];
rx = [rx 0.730851];
ry = [ry 2.08096];
rx = [rx 0.782337];
ry = [ry 2.08008];
rx = [rx 0.698737];
ry = [ry 2.08894];
rx = [rx 0.663964];
ry = [ry 2.09284];
rx = [rx 0.661709];
ry = [ry 2.09476];
rx = [rx 0.681369];
ry = [ry 2.09645];
rx = [rx 0.696468];
ry = [ry 2.09878];
rx = [rx 0.665724];
ry = [ry 2.10033];
rx = [rx 0.705606];
ry = [ry 2.10406];
rx = [rx 0.727819];
ry = [ry 2.10806];
rx = [rx 0.654395];
ry = [ry 2.1051];
rx = [rx 0.75935];
ry = [ry 2.11716];
rx = [rx 0.737313];
ry = [ry 2.11816];
rx = [rx 0.684874];
ry = [ry 2.11432];
rx = [rx 0.721874];
ry = [ry 2.12221];
rx = [rx 0.700878];
ry = [ry 2.12159];
rx = [rx 0.690774];
ry = [ry 2.12227];
rx = [rx 0.670531];
ry = [ry 2.12052];
rx = [rx 0.687601];
ry = [ry 2.12641];
rx = [rx 0.740811];
ry = [ry 2.14172];
rx = [rx 0.697746];
ry = [ry 2.13387];
rx = [rx 0.743839];
ry = [ry 2.1494];
rx = [rx 0.735287];
ry = [ry 2.15037];
rx = [rx 0.720573];
ry = [ry 2.14909];
rx = [rx 0.786172];
ry = [ry 2.17436];
rx = [rx 0.761274];
ry = [ry 2.16995];
rx = [rx 0.684052];
ry = [ry 2.14491];
rx = [rx 0.651157];
ry = [ry 2.1344];
rx = [rx 0.674404];
ry = [ry 2.146];
rx = [rx 0.735754];
ry = [ry 2.17526];
rx = [rx 0.705858];
ry = [ry 2.16529];
rx = [rx 0.676729];
ry = [ry 2.15447];
rx = [rx 0.672016];
ry = [ry 2.15469];
rx = [rx 0.723703];
ry = [ry 2.18428];
rx = [rx 0.626939];
ry = [ry 2.13517];
rx = [rx 0.731377];
ry = [ry 2.19618];
rx = [rx 0.663744];
ry = [ry 2.16018];
rx = [rx 0.731574];
ry = [ry 2.2045];
rx = [rx 0.716127];
ry = [ry 2.19884];
rx = [rx 0.648448];
ry = [ry 2.15777];
rx = [rx 0.706267];
ry = [ry 2.20002];
rx = [rx 0.687752];
ry = [ry 2.19064];
rx = [rx 0.629181];
ry = [ry 2.15057];
rx = [rx 0.702556];
ry = [ry 2.20912];
rx = [rx 0.690707];
ry = [ry 2.20374];
rx = [rx 0.70505];
ry = [ry 2.21948];
rx = [rx 0.657153];
ry = [ry 2.18279];
rx = [rx 0.697564];
ry = [ry 2.22178];
rx = [rx 0.666735];
ry = [ry 2.19784];
rx = [rx 0.724688];
ry = [ry 2.25668];
rx = [rx 0.719124];
ry = [ry 2.25685];
rx = [rx 0.690104];
ry = [ry 2.23285];
rx = [rx 0.629706];
ry = [ry 2.17372];
rx = [rx 0.659547];
ry = [ry 2.20917];
rx = [rx 0.658256];
ry = [ry 2.2117];
rx = [rx 0.643458];
ry = [ry 2.1984];
rx = [rx 0.68102];
