rx = [];
ry = [];
rx = [rx -0.363099];
ry = [ry 1.63343];
rx = [rx -0.436003];
ry = [ry 1.57491];
rx = [rx -0.399668];
ry = [ry 1.57242];
rx = [rx -0.348439];
ry = [ry 1.57964];
rx = [rx -0.387315];
ry = [ry 1.53542];
rx = [rx -0.353195];
ry = [ry 1.53389];
rx = [rx -0.304655];
ry = [ry 1.54278];
rx = [rx -0.351295];
ry = [ry 1.49023];
rx = [rx -0.380923];
ry = [ry 1.44656];
rx = [rx -0.32653];
ry = [ry 1.46103];
rx = [rx -0.303865];
ry = [ry 1.45418];
rx = [rx -0.347191];
ry = [ry 1.39705];
rx = [rx -0.285433];
ry = [ry 1.42086];
rx = [rx -0.365554];
ry = [ry 1.32995];
rx = [rx -0.359653];
ry = [ry 1.3074];
rx = [rx -0.329702];
ry = [ry 1.30575];
rx = [rx -0.326846];
ry = [ry 1.28016];
rx = [rx -0.279725];
ry = [ry 1.29606];
rx = [rx -0.20036];
ry = [ry 1.34602];
rx = [rx -0.270802];
ry = [ry 1.24731];
rx = [rx -0.228147];
ry = [ry 1.26231];
rx = [rx -0.206404];
ry = [ry 1.25646];
rx = [rx -0.240786];
ry = [ry 1.18738];
rx = [rx -0.202567];
ry = [ry 1.19973];
rx = [rx -0.209928];
ry = [ry 1.15837];
rx = [rx -0.112264];
ry = [ry 1.2477];
rx = [rx -0.177522];
ry = [ry 1.13107];
rx = [rx -0.158965];
ry = [ry 1.12054];
rx = [rx -0.105685];
ry = [ry 1.1591];
rx = [rx -0.0917251];
ry = [ry 1.14399];
rx = [rx 0.0190422];
ry = [ry 1.27567];
rx = [rx -0.0540482];
ry = [ry 1.12825];
rx = [rx -0.00304838];
ry = [ry 1.17353];
rx = [rx 0.0539669];
ry = [ry 1.23358];
rx = [rx 0.05051];
ry = [ry 1.19184];
rx = [rx 0.117496];
ry = [ry 1.27784];
rx = [rx 0.0992308];
ry = [ry 1.20721];
rx = [rx 0.123394];
ry = [ry 1.21664];
rx = [rx 0.132517];
ry = [ry 1.19589];
rx = [rx 0.172798];
ry = [ry 1.24272];
rx = [rx 0.183048];
ry = [ry 1.22521];
rx = [rx 0.187336];
ry = [ry 1.19211];
rx = [rx 0.237812];
ry = [ry 1.27437];
rx = [rx 0.238925];
ry = [ry 1.23309];
rx = [rx 0.273163];
ry = [ry 1.28209];
rx = [rx 0.265803];
ry = [ry 1.21207];
rx = [rx 0.278365];
ry = [ry 1.19777];
rx = [rx 0.300464];
ry = [ry 1.21474];
rx = [rx 0.322526];
ry = [ry 1.23454];
rx = [rx 0.331164];
ry = [ry 1.20539];
rx = [rx 0.3498];
ry = [ry 1.21442];
rx = [rx 0.363473];
ry = [ry 1.20292];
rx = [rx 0.388173];
ry = [ry 1.24487];
rx = [rx 0.4029];
ry = [ry 1.24116];
rx = [rx 0.432089];
ry = [ry 1.32505];
rx = [rx 0.42476];
ry = [ry 1.18123];
rx = [rx 0.452228];
ry = [ry 1.268];
rx = [rx 0.468983];
ry = [ry 1.28678];
rx = [rx 0.486992];
ry = [ry 1.32663];
rx = [rx 0.502733];
ry = [ry 1.3557];
rx = [rx 0.515984];
ry = [ry 1.36027];
rx = [rx 0.526554];
ry = [ry 1.30413];
rx = [rx 0.541564];
ry = [ry 1.35375];
rx = [rx 0.553994];
ry = [ry 1.26737];
rx = [rx 0.568112];
ry = [ry 1.2981];
rx = [rx 0.58168];
ry = [ry 1.31088];
rx = [rx 0.590788];
ry = [ry 1.41073];
rx = [rx 0.606154];
ry = [ry 1.35793];
rx = [rx 0.607025];
ry = [ry 1.50655];
rx = [rx 0.630931];
ry = [ry 1.36972];
rx = [rx 0.640774];
ry = [ry 1.39532];
rx = [rx 0.66078];
ry = [ry 1.33886];
rx = [rx 0.65466];
ry = [ry 1.4678];
rx = [rx 0.675678];
ry = [ry 1.41035];
rx = [rx 0.68072];
ry = [ry 1.44924];
rx = [rx 0.700303];
ry = [ry 1.41114];
rx = [rx 0.697535];
ry = [ry 1.47923];
rx = [rx 0.692644];
ry = [ry 1.54614];
rx = [rx 0.740191];
ry = [ry 1.40329];
rx = [rx 0.708104];
ry = [ry 1.56419];
rx = [rx 0.710828];
ry = [ry 1.58873];
rx = [rx 0.734603];
ry = [ry 1.54449];
rx = [rx 0.752311];
ry = [ry 1.52362];
rx = [rx 0.762201];
ry = [ry 1.52728];
rx = [rx 0.752143];
ry = [ry 1.58387];
rx = [rx 0.771131];
ry = [ry 1.56193];
rx = [rx 0.759879];
ry = [ry 1.61495];
rx = [rx 0.80483];
ry = [ry 1.53498];
rx = [rx 0.787397];
ry = [ry 1.59861];
rx = [rx 0.808053];
ry = [ry 1.57766];
rx = [rx 0.810701];
ry = [ry 1.59477];
rx = [rx 0.79172];
ry = [ry 1.6521];
rx = [rx 0.78998];
ry = [ry 1.67354];
rx = [rx 0.801903];
ry = [ry 1.66958];
rx = [rx 0.733615];
ry = [ry 1.80164];
rx = [rx 0.812905];
ry = [ry 1.68438];
rx = [rx 0.773036];
ry = [ry 1.76226];
rx = [rx 0.844829];
ry = [ry 1.66689];
rx = [rx 0.78799];
ry = [ry 1.76496];
rx = [rx 0.779823];
ry = [ry 1.78841];
rx = [rx 0.817332];
ry = [ry 1.74906];
rx = [rx 0.804017];
ry = [ry 1.77869];
rx = [rx 0.806297];
ry = [ry 1.78704];
rx = [rx 0.778071];
ry = [ry 1.83193];
rx = [rx 0.778127];
ry = [ry 1.84106];
rx = [rx 0.876419];
ry = [ry 1.73937];
rx = [rx 0.780674];
ry = [ry 1.85561];
rx = [rx 0.784677];
ry = [ry 1.85969];
rx = [rx 0.794012];
ry = [ry 1.85835];
rx = [rx 0.863001];
ry = [ry 1.79907];
rx = [rx 0.836902];
ry = [ry 1.83391];
rx = [rx 0.74686];
ry = [ry 1.92501];
rx = [rx 0.800372];
ry = [ry 1.88382];
rx = [rx 0.825908];
ry = [ry 1.86949];
rx = [rx 0.818048];
ry = [ry 1.88383];
rx = [rx 0.864535];
ry = [ry 1.8545];
rx = [rx 0.819432];
ry = [ry 1.89748];
rx = [rx 0.764652];
ry = [ry 1.94489];
rx = [rx 0.836357];
ry = [ry 1.89949];
rx = [rx 0.836107];
ry = [ry 1.90684];
rx = [rx 0.758414];
ry = [ry 1.96499];
rx = [rx 0.730757];
ry = [ry 1.98744];
rx = [rx 0.842153];
ry = [ry 1.92372];
rx = [rx 0.747863];
ry = [ry 1.98564];
rx = [rx 0.786343];
ry = [ry 1.96838];
rx = [rx 0.709699];
ry = [ry 2.01491];
rx = [rx 0.80095];
ry = [ry 1.97107];
rx = [rx 0.836711];
ry = [ry 1.95866];
rx = [rx 0.739766];
ry = [ry 2.01058];
rx = [rx 0.791154];
ry = [ry 1.99115];
rx = [rx 0.771628];
ry = [ry 2.00442];
rx = [rx 0.778201];
ry = [ry 2.00609];
rx = [rx 0.85113];
ry = [ry 1.98201];
rx = [rx 0.701623];
ry = [ry 2.04331];
rx = [rx 0.669456];
ry = [ry 2.05742];
rx = [rx 0.773163];
ry = [ry 2.02517];
rx = [rx 0.780386];
ry = [ry 2.02703];
rx = [rx 0.812091];
ry = [ry 2.02195];
rx = [rx 0.65954];
ry = [ry 2.0686];
rx = [rx 0.743395];
ry = [ry 2.04902];
rx = [rx 0.779818];
ry = [ry 2.04379];
rx = [rx 0.728697];
ry = [ry 2.05904];
rx = [rx 0.727999];
ry = [ry 2.06227];
rx = [rx 0.716349];
ry = [ry 2.06746];
rx = [rx 0.757691];
ry = [ry 2.06347];
rx = [rx 0.649879];
ry = [ry 2.08285];
rx = [rx 0.717412];
ry = [ry 2.07575];
rx = [rx 0.774571];
ry = [ry 2.07219];
rx = [rx 0.732476];
ry = [ry 2.07994];
rx = [rx 0.783962];
ry = [ry 2.07907];
rx = [rx 0.70036];
ry = [ry 2.08791];
rx = [rx 0.665587];
ry = [ry 2.09181];
rx = [rx 0.663331];
ry = [ry 2.09372];
rx = [rx 0.68299];
ry = [ry 2.09542];
rx = [rx 0.698089];
ry = [ry 2.09775];
rx = [rx 0.667345];
ry = [ry 2.0993];
rx = [rx 0.707226];
ry = [ry 2.10303];
rx = [rx 0.729438];
ry = [ry 2.10704];
rx = [rx 0.656014];
ry = [ry 2.10406];
rx = [rx 0.760967];
ry = [ry 2.11615];
rx = [rx 0.73893];
ry = [ry 2.11714];
rx = [rx 0.686492];
ry = [ry 2.11329];
rx = [rx 0.72349];
ry = [ry 2.12119];
rx = [rx 0.702494];
ry = [ry 2.12056];
rx = [rx 0.69239];
ry = [ry 2.12124];
rx = [rx 0.672147];
ry = [ry 2.11949];
rx = [rx 0.689216];
ry = [ry 2.12538];
rx = [rx 0.742423];
ry = [ry 2.1407];
rx = [rx 0.699359];
ry = [ry 2.13284];
rx = [rx 0.745449];
ry = [ry 2.14838];
rx = [rx 0.736897];
ry = [ry 2.14935];
rx = [rx 0.722183];
ry = [ry 2.14807];
rx = [rx 0.787776];
ry = [ry 2.17336];
rx = [rx 0.76288];
ry = [ry 2.16894];
rx = [rx 0.685663];
ry = [ry 2.14388];
rx = [rx 0.65277];
ry = [ry 2.13336];
rx = [rx 0.676015];
ry = [ry 2.14497];
rx = [rx 0.737358];
ry = [ry 2.17424];
rx = [rx 0.707465];
ry = [ry 2.16426];
rx = [rx 0.678338];
ry = [ry 2.15344];
rx = [rx 0.673624];
ry = [ry 2.15366];
rx = [rx 0.725306];
ry = [ry 2.18325];
rx = [rx 0.628552];
ry = [ry 2.13413];
rx = [rx 0.732977];
ry = [ry 2.19515];
rx = [rx 0.665351];
ry = [ry 2.15914];
rx = [rx 0.733172];
ry = [ry 2.20348];
rx = [rx 0.717726];
ry = [ry 2.19782];
rx = [rx 0.650056];
ry = [ry 2.15673];
rx = [rx 0.707865];
ry = [ry 2.199];
rx = [rx 0.689353];
ry = [ry 2.18961];
rx = [rx 0.630791];
ry = [ry 2.14952];
rx = [rx 0.704153];
ry = [ry 2.20809];
rx = [rx 0.692305];
ry = [ry 2.20271];
rx = [rx 0.706645];
ry = [ry 2.21846];
rx = [rx 0.658756];
ry = [ry 2.18175];
rx = [rx 0.699158];
ry = [ry 2.22075];
rx = [rx 0.668335];
ry = [ry 2.19681];
rx = [rx 0.726274];
ry = [ry 2.25565];
rx = [rx 0.720711];
ry = [ry 2.25583];
rx = [rx 0.691696];
ry = [ry 2.23182];
rx = [rx 0.631311];
ry = [ry 2.17268];
rx = [rx 0.661144];
ry = [ry 2.20813];
rx = [rx 0.659852];
ry = [ry 2.21067];
rx = [rx 0.645058];
ry = [ry 2.19736];
rx = [rx 0.682609];
