rx = [];
ry = [];
rx = [rx -0.367831];
ry = [ry 1.63865];
rx = [rx -0.441046];
ry = [ry 1.58053];
rx = [rx -0.404726];
ry = [ry 1.57784];
rx = [rx -0.353459];
ry = [ry 1.58479];
rx = [rx -0.392571];
ry = [ry 1.54078];
rx = [rx -0.358459];
ry = [ry 1.53907];
rx = [rx -0.309873];
ry = [ry 1.5477];
rx = [rx -0.356792];
ry = [ry 1.4954];
rx = [rx -0.386653];
ry = [ry 1.45188];
rx = [rx -0.332183];
ry = [ry 1.46606];
rx = [rx -0.309556];
ry = [ry 1.4591];
rx = [rx -0.353186];
ry = [ry 1.4022];
rx = [rx -0.291302];
ry = [ry 1.42568];
rx = [rx -0.371907];
ry = [ry 1.3352];
rx = [rx -0.366127];
ry = [ry 1.31261];
rx = [rx -0.336185];
ry = [ry 1.31081];
rx = [rx -0.333465];
ry = [ry 1.2852];
rx = [rx -0.286261];
ry = [ry 1.30085];
rx = [rx -0.206629];
ry = [ry 1.35038];
rx = [rx -0.277598];
ry = [ry 1.25206];
rx = [rx -0.234863];
ry = [ry 1.26683];
rx = [rx -0.213152];
ry = [ry 1.26086];
rx = [rx -0.247902];
ry = [ry 1.19196];
rx = [rx -0.209618];
ry = [ry 1.20411];
rx = [rx -0.2172];
ry = [ry 1.16279];
rx = [rx -0.11906];
ry = [ry 1.25159];
rx = [rx -0.18494];
ry = [ry 1.13532];
rx = [rx -0.16644];
ry = [ry 1.12468];
rx = [rx -0.112955];
ry = [ry 1.16296];
rx = [rx -0.0990756];
ry = [ry 1.14778];
rx = [rx 0.0123934];
ry = [ry 1.27887];
rx = [rx -0.0614833];
ry = [ry 1.13184];
rx = [rx -0.0102424];
ry = [ry 1.17684];
rx = [rx 0.0470929];
ry = [ry 1.23658];
rx = [rx 0.0434131];
ry = [ry 1.19487];
rx = [rx 0.110857];
ry = [ry 1.28051];
rx = [rx 0.0922152];
ry = [ry 1.20998];
rx = [rx 0.116429];
ry = [ry 1.21928];
rx = [rx 0.12544];
ry = [ry 1.19848];
rx = [rx 0.165971];
ry = [ry 1.24509];
rx = [rx 0.176128];
ry = [ry 1.22753];
rx = [rx 0.180239];
ry = [ry 1.1944];
rx = [rx 0.231153];
ry = [ry 1.27639];
rx = [rx 0.232046];
ry = [ry 1.23511];
rx = [rx 0.266545];
ry = [ry 1.28392];
rx = [rx 0.258811];
ry = [ry 1.21395];
rx = [rx 0.271296];
ry = [ry 1.19958];
rx = [rx 0.293486];
ry = [ry 1.21643];
rx = [rx 0.315654];
ry = [ry 1.23612];
rx = [rx 0.324136];
ry = [ry 1.20692];
rx = [rx 0.34282];
ry = [ry 1.21585];
rx = [rx 0.356431];
ry = [ry 1.20428];
rx = [rx 0.381355];
ry = [ry 1.24609];
rx = [rx 0.396062];
ry = [ry 1.24231];
rx = [rx 0.425698];
ry = [ry 1.32603];
rx = [rx 0.417601];
ry = [ry 1.18226];
rx = [rx 0.445532];
ry = [ry 1.26887];
rx = [rx 0.462387];
ry = [ry 1.28757];
rx = [rx 0.480609];
ry = [ry 1.32732];
rx = [rx 0.496505];
ry = [ry 1.35631];
rx = [rx 0.50978];
ry = [ry 1.36081];
rx = [rx 0.52005];
ry = [ry 1.30461];
rx = [rx 0.535325];
ry = [ry 1.35415];
rx = [rx 0.547293];
ry = [ry 1.2677];
rx = [rx 0.561576];
ry = [ry 1.29836];
rx = [rx 0.575211];
ry = [ry 1.31107];
rx = [rx 0.584853];
ry = [ry 1.41087];
rx = [rx 0.599937];
ry = [ry 1.35798];
rx = [rx 0.601601];
ry = [ry 1.50659];
rx = [rx 0.624776];
ry = [ry 1.36964];
rx = [rx 0.634755];
ry = [ry 1.39519];
rx = [rx 0.65446];
ry = [ry 1.33863];
rx = [rx 0.649028];
ry = [ry 1.46759];
rx = [rx 0.669739];
ry = [ry 1.41003];
rx = [rx 0.674989];
ry = [ry 1.44889];
rx = [rx 0.694368];
ry = [ry 1.41069];
rx = [rx 0.691964];
ry = [ry 1.4788];
rx = [rx 0.68743];
ry = [ry 1.54573];
rx = [rx 0.734214];
ry = [ry 1.40263];
rx = [rx 0.702986];
ry = [ry 1.56369];
rx = [rx 0.705842];
ry = [ry 1.58823];
rx = [rx 0.72938];
ry = [ry 1.54386];
rx = [rx 0.746976];
ry = [ry 1.52289];
rx = [rx 0.756886];
ry = [ry 1.5265];
rx = [rx 0.74713];
ry = [ry 1.58314];
rx = [rx 0.766];
ry = [ry 1.5611];
rx = [rx 0.755032];
ry = [ry 1.61418];
rx = [rx 0.799555];
ry = [ry 1.53397];
rx = [rx 0.782463];
ry = [ry 1.5977];
rx = [rx 0.803006];
ry = [ry 1.57664];
rx = [rx 0.805746];
ry = [ry 1.59373];
rx = [rx 0.787071];
ry = [ry 1.65116];
rx = [rx 0.785445];
ry = [ry 1.67261];
rx = [rx 0.797347];
ry = [ry 1.66859];
rx = [rx 0.729766];
ry = [ry 1.80101];
rx = [rx 0.808428];
ry = [ry 1.68333];
rx = [rx 0.768976];
ry = [ry 1.76142];
rx = [rx 0.840258];
ry = [ry 1.66566];
rx = [rx 0.783944];
ry = [ry 1.76404];
rx = [rx 0.775902];
ry = [ry 1.78753];
rx = [rx 0.8132];
ry = [ry 1.74799];
rx = [rx 0.800044];
ry = [ry 1.77768];
rx = [rx 0.802368];
ry = [ry 1.78602];
rx = [rx 0.774383];
ry = [ry 1.83106];
rx = [rx 0.774488];
ry = [ry 1.84019];
rx = [rx 0.872235];
ry = [ry 1.73797];
rx = [rx 0.777112];
ry = [ry 1.85473];
rx = [rx 0.781137];
ry = [ry 1.85878];
rx = [rx 0.790465];
ry = [ry 1.8574];
rx = [rx 0.859136];
ry = [ry 1.79774];
rx = [rx 0.833223];
ry = [ry 1.83272];
rx = [rx 0.743669];
ry = [ry 1.92431];
rx = [rx 0.796961];
ry = [ry 1.88283];
rx = [rx 0.82242];
ry = [ry 1.86836];
rx = [rx 0.814637];
ry = [ry 1.88275];
rx = [rx 0.860966];
ry = [ry 1.85317];
rx = [rx 0.816093];
ry = [ry 1.89639];
rx = [rx 0.761567];
ry = [ry 1.94409];
rx = [rx 0.833029];
ry = [ry 1.8983];
rx = [rx 0.832818];
ry = [ry 1.90566];
rx = [rx 0.755437];
ry = [ry 1.96423];
rx = [rx 0.7279];
ry = [ry 1.98682];
rx = [rx 0.838954];
ry = [ry 1.92251];
rx = [rx 0.744997];
ry = [ry 1.98493];
rx = [rx 0.783384];
ry = [ry 1.96747];
rx = [rx 0.706989];
ry = [ry 2.0144];
rx = [rx 0.798004];
ry = [ry 1.97008];
rx = [rx 0.833699];
ry = [ry 1.95747];
rx = [rx 0.737033];
ry = [ry 2.00991];
rx = [rx 0.788316];
ry = [ry 1.99021];
rx = [rx 0.768862];
ry = [ry 2.00358];
rx = [rx 0.775443];
ry = [ry 2.00521];
rx = [rx 0.848242];
ry = [ry 1.98075];
rx = [rx 0.699065];
ry = [ry 2.04285];
rx = [rx 0.666973];
ry = [ry 2.05713];
rx = [rx 0.770507];
ry = [ry 2.02432];
rx = [rx 0.77774];
ry = [ry 2.02615];
rx = [rx 0.809417];
ry = [ry 2.0209];
rx = [rx 0.657118];
ry = [ry 2.06836];
rx = [rx 0.740867];
ry = [ry 2.04834];
rx = [rx 0.777261];
ry = [ry 2.04291];
rx = [rx 0.726222];
ry = [ry 2.05843];
rx = [rx 0.725542];
ry = [ry 2.06167];
rx = [rx 0.71392];
ry = [ry 2.06691];
rx = [rx 0.75524];
ry = [ry 2.06271];
rx = [rx 0.647533];
ry = [ry 2.08267];
rx = [rx 0.715027];
ry = [ry 2.07521];
rx = [rx 0.772166];
ry = [ry 2.07134];
rx = [rx 0.730113];
ry = [ry 2.07931];
rx = [rx 0.781594];
ry = [ry 2.07816];
rx = [rx 0.69804];
ry = [ry 2.08745];
rx = [rx 0.663288];
ry = [ry 2.09154];
rx = [rx 0.661043];
ry = [ry 2.09346];
rx = [rx 0.680711];
ry = [ry 2.09506];
rx = [rx 0.695822];
ry = [ry 2.09731];
rx = [rx 0.665086];
ry = [ry 2.09902];
rx = [rx 0.704987];
ry = [ry 2.10254];
rx = [rx 0.72722];
ry = [ry 2.10643];
rx = [rx 0.653782];
ry = [ry 2.10384];
rx = [rx 0.758797];
ry = [ry 2.11536];
rx = [rx 0.736766];
ry = [ry 2.11648];
rx = [rx 0.684307];
ry = [ry 2.11291];
rx = [rx 0.721348];
ry = [ry 2.1206];
rx = [rx 0.700349];
ry = [ry 2.12009];
rx = [rx 0.690249];
ry = [ry 2.12083];
rx = [rx 0.669996];
ry = [ry 2.11918];
rx = [rx 0.687097];
ry = [ry 2.12498];
rx = [rx 0.740384];
ry = [ry 2.14001];
rx = [rx 0.697279];
ry = [ry 2.13239];
rx = [rx 0.743452];
ry = [ry 2.14768];
rx = [rx 0.734905];
ry = [ry 2.1487];
rx = [rx 0.720185];
ry = [ry 2.14749];
rx = [rx 0.785911];
ry = [ry 2.17243];
rx = [rx 0.760992];
ry = [ry 2.16815];
rx = [rx 0.683643];
ry = [ry 2.1435];
rx = [rx 0.650694];
ry = [ry 2.13316];
rx = [rx 0.674];
ry = [ry 2.14464];
rx = [rx 0.735499];
ry = [ry 2.17359];
rx = [rx 0.705553];
ry = [ry 2.16377];
rx = [rx 0.676369];
ry = [ry 2.1531];
rx = [rx 0.671656];
ry = [ry 2.15334];
rx = [rx 0.723495];
ry = [ry 2.18266];
rx = [rx 0.62648];
ry = [ry 2.13405];
rx = [rx 0.731229];
ry = [ry 2.19452];
rx = [rx 0.663412];
ry = [ry 2.15887];
rx = [rx 0.731469];
ry = [ry 2.20284];
rx = [rx 0.715993];
ry = [ry 2.19727];
rx = [rx 0.648104];
ry = [ry 2.15654];
rx = [rx 0.706139];
ry = [ry 2.1985];
rx = [rx 0.687577];
ry = [ry 2.18921];
rx = [rx 0.628801];
ry = [ry 2.14944];
rx = [rx 0.702475];
ry = [ry 2.20761];
rx = [rx 0.690599];
ry = [ry 2.20229];
rx = [rx 0.705022];
ry = [ry 2.21796];
rx = [rx 0.656938];
ry = [ry 2.18151];
rx = [rx 0.697548];
ry = [ry 2.2203];
rx = [rx 0.666597];
ry = [ry 2.19652];
rx = [rx 0.72485];
ry = [ry 2.25506];
rx = [rx 0.719287];
ry = [ry 2.25526];
rx = [rx 0.690145];
ry = [ry 2.23141];
rx = [rx 0.629445];
ry = [ry 2.17259];
rx = [rx 0.659467];
ry = [ry 2.20788];
rx = [rx 0.658188];
ry = [ry 2.21042];
rx = [rx 0.643323];
ry = [ry 2.1972];
rx = [rx 0.681138];
ry = [ry 2.24645];
