s2 = [...
1.5051473379135132,
1.5091150999069214,
1.5133088827133179,
1.5185095071792603,
1.5224430561065674,
1.5274229049682617,
1.5327067375183105,
1.5373603105545044,
1.5422579050064087,
1.5474165678024292,
1.5528546571731567,
1.5585925579071045,
1.5646517276763916,
1.569746494293213,
1.5764458179473877,
1.5820876359939575,
1.5879971981048584,
1.5941911935806274,
1.600687861442566,
1.6075068712234497,
1.6128449440002441,
1.6202796697616577,
1.6280986070632935,
1.6342310905456543,
1.642788052558899,
1.6495070457458496,
1.6565003395080566,
1.6637821197509766,
1.6713682413101196,
1.679275393486023,
1.6875213384628296,
1.6961257457733154,
1.705108642578125,
1.714492678642273,
1.7243006229400635,
1.7310879230499268,
1.7416603565216064,
1.7527287006378174,
1.7603987455368042,
1.7723639011383057,
1.7806625366210938,
1.7936214208602905,
1.802618145942688,
1.8119151592254639,
1.8264535665512085,
1.8365617990493774,
1.8470200300216675,
1.8578439950942993,
1.8690515756607056,
1.8806602954864502,
1.8926886320114136,
1.905157208442688,
1.9180868864059448,
1.9315009117126465,
1.945422887802124,
1.9598782062530518,
1.9748939275741577,
1.9904992580413818,
2.0067248344421387,
2.0236034393310547,
2.041170120239258,
2.050222873687744,
2.068892240524292,
2.088348388671875,
2.0983848571777344,
2.1191041469573975,
2.140726327896118,
2.1518924236297607,
2.1749696731567383,
2.1990885734558105,
2.2115588188171387,
2.2373621463775635,
2.2507131099700928,
2.27836012840271,
2.2926759719848633,
2.3223464488983154,
2.3377230167388916,
2.3696188926696777,
2.3861634731292725,
2.420513868331909,
2.4383485317230225,
2.4754133224487305,
2.4946768283843994,
2.5144503116607666,
2.55560302734375,
2.5770211219787598,
2.5990288257598877,
2.644901752471924,
2.6688146591186523,
2.6934115886688232,
2.7447690963745117,
2.771587610244751,
2.7992069721221924,
2.827659845352173,
2.887209892272949,
2.918381690979004,
2.9505388736724854,
2.983725070953369,
3.0533688068389893,
3.0899264812469482,
3.127713441848755,
3.1667871475219727,
3.207209587097168,
3.2923662662506104,
3.337244987487793,
3.3837602138519287,
3.4319980144500732,
3.4820480346679688,
3.534008026123047,
3.5879809856414795,
3.7024216651916504,
3.763136386871338,
3.8263628482818604,
3.8922512531280518,
3.9609622955322266,
4.032670021057129,
4.107565879821777,
4.185853481292725,
4.267757892608643,
4.35352087020874,
4.443408966064453,
4.6367506980896,
4.740870952606201,
4.85045862197876,
4.965938091278076,
5.087777614593506,
5.216497421264648,
5.352675437927246,
5.496956825256348,
5.650061130523682,
5.812795162200928,
5.986070156097412,
8.624319076538086,
8.60783576965332,
8.591821670532227,
8.576276779174805,
8.561199188232422,
8.54659366607666,
8.53246021270752,
8.518799781799316,
8.505613327026367,
8.492901802062988,
8.480668067932129,
8.46890926361084,
8.45762825012207,
8.446825981140137,
8.436501502990723,
8.426657676696777,
8.417290687561035,
8.408405303955078,
8.40000057220459,
8.392074584960938,
8.384629249572754,
8.377666473388672,
8.37118148803711,
8.365179061889648,
8.359654426574707,
8.354609489440918,
8.350046157836914,
8.345959663391113,
8.342351913452148,
8.33922290802002,
8.336570739746094,
8.334393501281738,
8.33269214630127,
8.331465721130371,
8.330713272094727,
8.330431938171387,
8.330621719360352,
8.331281661987305,
7.325045108795166,
6.434242248535156,
5.737704277038574,
5.737704277038574,
5.178215980529785,
4.719022274017334,
4.335432529449463,
4.010244846343994,
3.7311089038848877,
3.4889259338378906,
3.2768473625183105,
3.089616537094116,
2.9231350421905518,
2.7741572856903076,
2.6400818824768066,
2.5187978744506836,
2.4085750579833984,
2.2158234119415283,
2.131094455718994,
2.052942991256714,
1.980643630027771,
1.9135721921920776,
1.8511910438537598,
1.7930337190628052,
1.7386934757232666,
1.6878135204315186,
1.6400814056396484,
1.5952198505401611,
1.5529838800430298,
1.513155460357666,
1.4755401611328125,
1.4399628639221191,
1.406267762184143,
1.3743138313293457,
1.3439738750457764,
1.3151323795318604,
1.2615373134613037,
1.2366018295288086,
1.2127996683120728,
1.1900583505630493,
1.1683114767074585,
1.1474978923797607,
1.1275620460510254,
1.1084513664245605,
1.0872595310211182,
1.090037226676941,
1.0928575992584229,
1.0957205295562744,
1.0986255407333374,
1.1015725135803223,
1.1075899600982666,
1.1106597185134888,
1.1137696504592896,
1.1169195175170898,
1.1201084852218628,
1.1266034841537476,
1.129908561706543,
1.1332511901855469,
1.1366316080093384,
1.143502950668335,
1.1469932794570923,
1.150519609451294,
1.157678246498108,
1.161310076713562,
1.1649761199951172,
1.172410011291504,
6.538000106811523,
6.47953462600708,
6.367364883422852,
6.313544750213623,
6.210158348083496,
6.160491943359375,
6.112113952636719,
6.019041538238525,
5.974263668060303,
5.888029098510742,
5.846498012542725,
5.766436576843262,
5.727842807769775,
5.653372287750244,
5.582339763641357,
5.548046588897705,
5.481781959533691,
5.449764728546143,
5.387846946716309,
5.328616619110107,
5.299960613250732,
5.244476795196533,
5.191314220428467,
5.140347957611084,
5.115649223327637,
5.067751884460449,
5.021766662597656,
4.9775919914245605,
4.935133457183838,
4.894304275512695,
4.816068172454834,
4.778560161590576,
4.742438316345215,
4.70763635635376,
4.67409086227417,
4.6417412757873535,
4.610532760620117,
4.580411911010742,
4.551328659057617,
4.523238182067871,
4.482863903045654,
4.4570631980896,
4.432108402252197,
4.396185874938965,
4.373193740844727,
4.340059757232666,
4.318830490112305,
4.288205623626709,
4.268563747406006,
4.240204334259033,
4.213096618652344,
4.195684909820557,
4.17050838470459,
4.146402359008789,
4.12330961227417,
4.10117244720459,
4.079941749572754,
4.059567451477051,
4.040004253387451,
4.015110015869141,
3.997281551361084,
3.9745633602142334,
3.958270788192749,
3.937483549118042,
3.9225571155548096,
3.9034900665283203,
3.8853213787078857,
3.8679964542388916,
3.851463556289673,
3.8356752395629883,
3.816922187805176,
3.80265474319458,
3.785679578781128,
3.772745370864868,
3.757331609725952,
3.742703676223755,
3.7288095951080322,
3.7130372524261475,
3.7005929946899414,
3.686439275741577,
3.67307448387146,
3.660443067550659,
3.648491859436035,
3.6371726989746094,
3.6245951652526855,
3.6137855052948,
3.6028618812561035,
3.5918285846710205,
3.5806920528411865,
3.569457530975342,
3.560025691986084,
3.5486321449279785,
3.5390796661376953,
3.5294837951660156,
3.5198495388031006,
3.5121207237243652,
3.5024399757385254,
3.4946861267089844,
3.4849913120269775,
3.477240800857544,
3.469503402709961,
3.4617855548858643,
3.4540960788726807,
3.4464430809020996,
3.4407339096069336,
3.4331698417663574,
3.427539825439453,
3.4200985431671143,
3.414574384689331,
3.4072964191436768,
3.401912212371826,
3.3965981006622314,
3.391362190246582,
3.386211633682251,
3.3811559677124023,
3.3762030601501465,
3.3713619709014893,
3.3682029247283936,
3.363571882247925,
3.359081506729126,
3.3561716079711914,
3.3519411087036133,
3.349217176437378,
3.3452847003936768,
3.3427717685699463,
3.3391764163970947,
3.336902618408203,
3.334733247756958,
3.331686496734619,
3.3298022747039795,
3.3280410766601562,
3.3264098167419434,
3.3249149322509766,
3.3235623836517334,
3.322359085083008,
3.321312665939331,
3.3204309940338135,
3.31972074508667,
3.319190740585327,
3.3188488483428955,
3.318704128265381,
3.318765878677368,
3.3190433979034424,
3.3195462226867676,
3.3198862075805664,
3.3207473754882812,
3.321861505508423,
3.3232390880584717,
3.324030876159668,
3.325827121734619,
3.32791805267334,
3.329078197479248,
3.331636667251587,
3.333037853240967,
3.3360939025878906,
3.33950138092041,
3.341341495513916,
3.3453047275543213,
3.3474314212799072,
3.351987361907959,
3.3544211387634277,
3.3596088886260986,
3.3623688220977783,
3.365241765975952,
3.371338367462158,
3.3745667934417725,
3.3813974857330322,
3.385005235671997,
3.3887441158294678,
3.3966286182403564,
3.400780200958252,
3.4050748348236084,
3.4141061305999756,
3.418848752975464,
3.4237477779388428,
