s1 = [...
1.5274105072021484,
1.5324127674102783,
1.5376886129379272,
1.5442166328430176,
1.5491445064544678,
1.5553719997406006,
1.5619677305221558,
1.5677671432495117,
1.5738615989685059,
1.5802721977233887,
1.5870208740234375,
1.5941318273544312,
1.6016316413879395,
1.607931137084961,
1.6162065267562866,
1.6231688261032104,
1.6304553747177124,
1.6380873918533325,
1.6460864543914795,
1.6544768810272217,
1.6610417366027832,
1.670181155204773,
1.6797878742218018,
1.6873197555541992,
1.6978261470794678,
1.7060739994049072,
1.7146570682525635,
1.72359299659729,
1.732901692390442,
1.7426038980484009,
1.7527227401733398,
1.7632819414138794,
1.7743076086044312,
1.7858271598815918,
1.7978712320327759,
1.8062076568603516,
1.8191981315612793,
1.832804560661316,
1.8422369956970215,
1.856959342956543,
1.8671765327453613,
1.8831403255462646,
1.8942310810089111,
1.9056991338729858,
1.9236470460891724,
1.9361368417739868,
1.9490687847137451,
1.9624650478363037,
1.9763474464416504,
1.990740180015564,
2.0056684017181396,
2.0211596488952637,
2.0372419357299805,
2.0539462566375732,
2.0713047981262207,
2.089353322982788,
2.108128309249878,
2.127669334411621,
2.148020029067993,
2.169224977493286,
2.191333770751953,
2.2027432918548584,
2.2263073921203613,
2.250913619995117,
2.2636280059814453,
2.2899181842803955,
2.3174192905426025,
2.3316471576690674,
2.3611085414886475,
2.391983985900879,
2.4079806804656982,
2.4411542415618896,
2.458357572555542,
2.4940686225891113,
2.512606143951416,
2.5511257648468018,
2.57114315032959,
2.6127824783325195,
2.6344449520111084,
2.679560661315918,
2.7030601501464844,
2.752063035964966,
2.7776198387145996,
2.803917407989502,
2.8588573932647705,
2.887564182281494,
2.917142152786255,
2.979060173034668,
3.011481285095215,
3.0449342727661133,
3.115124464035034,
3.1519622802734375,
3.190035104751587,
3.229400873184204,
3.3122661113739014,
3.3559019565582275,
3.4011056423187256,
3.447957754135132,
3.54695725440979,
3.599294662475586,
3.6536619663238525,
3.7101736068725586,
3.768950939178467,
3.8938369750976562,
3.9602408409118652,
4.0295000076293945,
4.10179328918457,
4.177316188812256,
4.256277561187744,
4.338906764984131,
4.51619291305542,
4.611420631408691,
4.711465358734131,
4.816688060760498,
4.927483558654785,
5.044289588928223,
5.167593479156494,
5.29793119430542,
5.435898780822754,
5.5821685791015625,
5.737491130828857,
6.078769683837891,
8.62862777709961,
8.613201141357422,
8.59819221496582,
8.583605766296387,
8.569441795349121,
8.555704116821289,
8.542396545410156,
8.529520988464355,
8.51707649230957,
8.505069732666016,
8.493500709533691,
8.482373237609863,
8.471688270568848,
8.461446762084961,
8.451653480529785,
8.442309379577637,
8.433415412902832,
8.424975395202637,
8.41698932647705,
8.409460067749023,
8.402388572692871,
8.395777702331543,
8.389626502990723,
8.383939743041992,
8.378716468811035,
8.373958587646484,
8.369668006896973,
8.3658447265625,
8.3624906539917,
8.35960578918457,
8.357193946838379,
8.355253219604492,
8.353784561157227,
8.352789878845215,
8.352269172668457,
8.352222442626953,
8.352651596069336,
8.353556632995605,
7.304868698120117,
6.464233875274658,
5.797507286071777,
5.255866527557373,
4.807198524475098,
4.429516792297363,
4.1072611808776855,
3.829108476638794,
3.5866236686706543,
3.373394012451172,
3.1844563484191895,
3.015911102294922,
2.864649534225464,
2.864649534225464,
2.7281646728515625,
2.60441255569458,
2.491708517074585,
2.3886539936065674,
2.294074535369873,
2.2069809436798096,
2.126530647277832,
2.052003860473633,
1.9827810525894165,
1.9183253049850464,
1.8581699132919312,
1.801908254623413,
1.749181866645813,
1.6531111001968384,
1.609240174293518,
1.5678423643112183,
1.528720498085022,
1.4916971921920776,
1.4566142559051514,
1.4233278036117554,
1.3917081356048584,
1.3616377115249634,
1.3330100774765015,
1.3057277202606201,
1.2797019481658936,
1.2548518180847168,
1.2311029434204102,
1.2083868980407715,
1.1866413354873657,
1.165808081626892,
1.1458340883255005,
1.1266701221466064,
1.118984580039978,
1.1221586465835571,
1.1253851652145386,
1.1286637783050537,
1.1319941282272339,
1.1353758573532104,
1.1388089656829834,
1.1422926187515259,
1.1494114398956299,
1.1530457735061646,
1.156729817390442,
1.1604629755020142,
1.1642450094223022,
1.168075680732727,
1.1758817434310913,
1.1798559427261353,
1.1838778257369995,
1.1879465579986572,
1.1920617818832397,
1.2004308700561523,
1.2046840190887451,
6.464825630187988,
6.403928279876709,
6.28723669052124,
6.231315612792969,
6.176930904388428,
6.072546005249023,
6.022441387176514,
5.973663330078125,
5.879900932312012,
5.834829807281494,
5.790909290313721,
5.7063703536987305,
5.665676593780518,
5.58727502822876,
5.549500942230225,
5.512638568878174,
5.441532135009766,
5.407233238220215,
5.341017723083496,
5.309051513671875,
5.247291564941406,
5.217453956604004,
5.159762382507324,
5.104588985443115,
5.077901363372803,
5.026240825653076,
5.0012359619140625,
4.952800750732422,
4.867334842681885,
4.845016956329346,
4.801741123199463,
4.760202407836914,
4.720309734344482,
4.700953483581543,
4.663372993469238,
4.627238750457764,
4.5924787521362305,
4.559025764465332,
4.526816368103027,
4.495790958404541,
4.465893268585205,
4.437072277069092,
4.409276485443115,
4.382460594177246,
4.356578826904297,
4.331592082977295,
4.307456970214844,
4.284138202667236,
4.261601448059082,
4.229186534881592,
4.208458423614502,
4.188400745391846,
4.1595139503479,
4.141016006469727,
4.114349842071533,
4.097257614135742,
4.072595596313477,
4.056775093078613,
4.033926963806152,
4.012085437774658,
3.998056411743164,
3.977769136428833,
3.958346128463745,
3.9397406578063965,
3.9219088554382324,
3.904808759689331,
3.888404130935669,
3.8726584911346436,
3.8526291847229004,
3.8382914066314697,
3.8200316429138184,
3.8069450855255127,
3.790257692337036,
3.7782843112945557,
3.763000249862671,
3.7484500408172607,
3.734588861465454,
3.7213752269744873,
3.7087700366973877,
3.693816661834717,
3.6824560165405273,
3.6689579486846924,
3.658686876296997,
3.6464667320251465,
3.6348886489868164,
3.623910903930664,
3.6114749908447266,
3.6016836166381836,
3.590569496154785,
3.5801022052764893,
3.570232629776001,
3.560917615890503,
3.552119493484497,
3.542369842529297,
3.534017324447632,
3.525601625442505,
3.5171303749084473,
3.508610248565674,
3.5000503063201904,
3.4928927421569824,
3.484283685684204,
3.4771018028259277,
3.469921588897705,
3.4627506732940674,
3.4570279121398926,
3.4499001502990723,
3.4442262649536133,
3.437180519104004,
3.4315896034240723,
3.426048517227173,
3.420565366744995,
3.4151499271392822,
3.4098122119903564,
3.405867099761963,
3.400693416595459,
3.396885395050049,
3.3919143676757812,
3.388274908065796,
3.3835535049438477,
3.3801193237304688,
3.376786470413208,
3.3735618591308594,
3.3704559803009033,
3.3674769401550293,
3.3646349906921387,
3.361940622329712,
3.360231637954712,
3.357809543609619,
3.3555660247802734,
3.3541767597198486,
3.352262496948242,
3.3511059284210205,
3.3495612144470215,
3.3486664295196533,
3.3475382328033447,
3.346935987472534,
3.346461296081543,
3.346001148223877,
3.3458707332611084,
3.3458893299102783,
3.3460636138916016,
3.346400499343872,
3.3469085693359375,
3.3475944995880127,
3.348466634750366,
3.3495335578918457,
3.350803852081299,
3.3522870540618896,
3.3539929389953613,
3.355931520462036,
3.3581125736236572,
3.360546827316284,
3.3632469177246094,
3.364699602127075,
3.367819309234619,
3.371234655380249,
3.3749587535858154,
3.376941204071045,
3.381154775619507,
3.3857131004333496,
3.388126850128174,
3.3932301998138428,
3.3959250450134277,
3.401610851287842,
3.4077064990997314,
3.4109134674072266,
3.4176583290100098,
3.4212002754211426,
3.4286370277404785,
3.432537078857422,
3.4407122135162354,
3.444993257522583,
3.4494075775146484,
3.4586448669433594,
3.463474988937378,
3.473571300506592,
3.4788448810577393,
3.484272003173828,
3.4956040382385254,
3.5015153884887695,
3.507594585418701,
3.520272731781006,
3.5268795490264893,
3.5336687564849854,
