s1 = [...
1.1129852533340454,
1.1110551357269287,
1.1091750860214233,
1.1076096296310425,
1.1058448553085327,
1.1043919324874878,
1.1030009984970093,
1.1016794443130493,
1.1004352569580078,
1.0994638204574585,
1.0983846187591553,
1.0975643396377563,
1.0968228578567505,
1.096166968345642,
1.0956045389175415,
1.0951427221298218,
1.094852089881897,
1.0945945978164673,
1.0944796800613403,
1.0944584608078003,
1.0945467948913574,
1.0947352647781372,
1.0950301885604858,
1.0954391956329346,
1.0959692001342773,
1.0966284275054932,
1.097212553024292,
1.0981181859970093,
1.0991771221160889,
1.1000781059265137,
1.1014301776885986,
1.1025630235671997,
1.1038035154342651,
1.1056334972381592,
1.1071451902389526,
1.108782410621643,
1.110551118850708,
1.1124578714370728,
1.1145092248916626,
1.1167118549346924,
1.1190732717514038,
1.1216007471084595,
1.1243023872375488,
1.126204252243042,
1.129214882850647,
1.132422685623169,
1.1346752643585205,
1.138232946395874,
1.1420140266418457,
1.14466392993927,
1.148841142654419,
1.1517657041549683,
1.156370997428894,
1.1595922708511353,
1.1646606922149658,
1.1682028770446777,
1.1718806028366089,
1.1776604652404785,
1.1816961765289307,
1.1858829259872437,
1.1924567222595215,
1.1970428228378296,
1.2017971277236938,
1.2067255973815918,
1.2118337154388428,
1.2198450565338135,
1.2254273891448975,
1.2312102317810059,
1.2371999025344849,
1.2434029579162598,
1.249826431274414,
1.2564772367477417,
1.2633627653121948,
1.2704906463623047,
1.2778687477111816,
1.2855050563812256,
1.2934080362319946,
1.3015861511230469,
1.3100488185882568,
1.3188049793243408,
1.327864408493042,
1.3372371196746826,
1.346933364868164,
1.356964111328125,
1.3673402070999146,
1.3780730962753296,
1.3891750574111938,
1.4006584882736206,
1.4125361442565918,
1.418627142906189,
1.431121587753296,
1.444044828414917,
1.457411527633667,
1.4712374210357666,
1.485538125038147,
1.5003305673599243,
1.5079165697097778,
1.5234792232513428,
1.5395786762237549,
1.5562334060668945,
1.5734643936157227,
1.582302451133728,
1.6004372835159302,
1.6192022562026978,
1.638621211051941,
1.6587187051773071,
1.6795207262039185,
1.6901943683624268,
1.712104082107544,
1.7347885370254517,
1.7582781314849854,
1.7826054096221924,
1.807803750038147,
1.8207405805587769,
1.8473128080368042,
1.8748494386672974,
1.9033901691436768,
1.932978630065918,
1.9481796026229858,
1.9794247150421143,
2.011835813522339,
2.0454649925231934,
2.0803680419921875,
2.116603374481201,
2.154233694076538,
2.173593044281006,
2.213442087173462,
2.2548608779907227,
2.2979273796081543,
2.342724561691284,
2.3893425464630127,
2.437875747680664,
2.488426685333252,
2.5411055088043213,
2.5960288047790527,
2.653325080871582,
2.713130474090576,
2.775592088699341,
2.8408703804016113,
2.909137487411499,
2.9805803298950195,
3.055403232574463,
3.1338274478912354,
3.216094732284546,
3.3024680614471436,
3.393237352371216,
3.4887194633483887,
3.589261770248413,
3.695249319076538,
3.8653790950775146,
3.98693585395813,
4.115634918212891,
4.252090930938721,
4.396990776062012,
4.631883144378662,
4.801480770111084,
4.982680320739746,
5.27888822555542,
5.494679927825928,
5.727041721343994,
8.585501670837402,
8.570907592773438,
8.550383567810059,
8.537580490112305,
8.519641876220703,
8.508500099182129,
8.492961883544922,
8.478777885437012,
8.47004508972168,
8.457987785339355,
8.447127342224121,
8.440526962280273,
8.431547164916992,
8.423626899719238,
8.416718482971191,
8.410774230957031,
8.405754089355469,
8.401609420776367,
8.398303985595703,
8.395798683166504,
8.394054412841797,
8.392853736877441,
8.39275074005127,
8.393298149108887,
8.39498233795166,
8.396925926208496,
8.400368690490723,
8.239218711853027,
7.543126106262207,
6.7928996086120605,
6.190968990325928,
5.697460174560547,
5.285614013671875,
4.936800956726074,
4.637656211853027,
4.31882381439209,
4.099093914031982,
3.859835147857666,
3.691807508468628,
3.5058460235595703,
3.3421974182128906,
3.197115421295166,
3.06764554977417,
2.9514286518096924,
2.826798439025879,
2.73350191116333,
2.63236141204834,
2.5413737297058105,
2.459106683731079,
2.384385585784912,
2.3054568767547607,
2.243952751159668,
2.178433895111084,
2.1106579303741455,
2.054832696914673,
2.000335216522217,
1.9546574354171753,
1.9025484323501587,
1.8588767051696777,
1.8161059617996216,
1.7742202281951904,
1.733206033706665,
1.699683666229248,
1.660233497619629,
1.6279982328414917,
1.5963375568389893,
1.5652459859848022,
1.5347179174423218,
1.5047484636306763,
1.4811722040176392,
1.4521973133087158,
1.4294112920761108,
1.4014183282852173,
1.3794134855270386,
1.3577536344528198,
1.336437463760376,
1.315463662147522,
1.294831395149231,
1.2762327194213867,
1.2830395698547363,
1.2925374507904053,
1.3025472164154053,
1.3104113340377808,
1.321401596069336,
1.3300448656082153,
1.339051365852356,
1.3516583442687988,
1.3615890741348267,
1.3719515800476074,
1.3827698230743408,
1.3940688371658325,
5.58425760269165,
5.520798206329346,
5.458343982696533,
5.396894931793213,
5.336457252502441,
5.296726703643799,
5.237979412078857,
5.180249214172363,
5.142329692840576,
5.048971652984619,
4.99437952041626,
4.958553791046143,
4.905672550201416,
4.870991230010986,
4.8198323249816895,
4.78630256652832,
4.736876010894775,
4.7045063972473145,
4.672603607177734,
4.6256256103515625,
4.594892978668213,
4.564631938934326,
4.520125865936279,
4.491047382354736,
4.462444305419922,
4.434317111968994,
4.406668663024902,
4.366094589233398,
4.3396453857421875,
4.31367826461792,
4.288194179534912,
4.263194561004639,
4.2386794090271,
4.2146501541137695,
4.191108226776123,
4.16805362701416,
4.1454877853393555,
4.123411178588867,
4.101824760437012,
4.080728530883789,
4.060123443603516,
4.040009498596191,
4.020387649536133,
4.00125789642334,
3.9826197624206543,
3.96447491645813,
3.946821451187134,
3.9296610355377197,
3.9129912853240967,
3.89681339263916,
3.881127119064331,
3.873467206954956,
3.858516216278076,
3.8440544605255127,
3.830080986022949,
3.8165955543518066,
3.8035967350006104,
3.7910821437835693,
3.7850069999694824,
3.7732179164886475,
3.7619104385375977,
3.7510833740234375,
3.7407333850860596,
3.7357380390167236,
3.7261016368865967,
3.7169384956359863,
3.7082457542419434,
3.700021743774414,
3.6922624111175537,
3.688556671142578,
3.6814911365509033,
3.674884796142578,
3.6687331199645996,
3.663033962249756,
3.6577847003936768,
3.655327320098877,
3.650745153427124,
3.6466033458709717,
3.64289927482605,
3.639626979827881,
3.638152837753296,
3.6355230808258057,
3.633317470550537,
3.6315300464630127,
3.630157947540283,
3.6291956901550293,
3.6286394596099854,
3.628512382507324,
3.628556728363037,
3.628995895385742,
3.629824638366699,
3.6310386657714844,
3.632632255554199,
3.634601593017578,
3.636941432952881,
3.639646053314209,
3.6427114009857178,
3.646131753921509,
3.649902105331421,
3.6540169715881348,
3.6584715843200684,
3.6632606983184814,
3.668379068374634,
3.6738216876983643,
3.679582357406616,
3.6856563091278076,
3.6920390129089355,
3.698723554611206,
3.7057065963745117,
3.7129809856414795,
3.7205429077148438,
3.732412338256836,
3.740668535232544,
3.7491936683654785,
3.7579824924468994,
3.7670295238494873,
3.7810733318328857,
3.7907450199127197,
3.800656318664551,
3.815964460372925,
3.8264565467834473,
3.837172269821167,
3.8536536693573,
3.8649075031280518,
3.8821747303009033,
3.893620014190674,
3.7808821201324463,
3.7104055881500244,
3.611070156097412,
3.518709182739258,
3.4606728553771973,
3.3784773349761963,
3.3016347885131836,
3.253141164779663,
3.184180974960327,
3.1194136142730713,
3.058488607406616,
3.0010924339294434,
2.946946382522583,
2.8957977294921875,
2.8474199771881104,
2.801607608795166,
2.7581753730773926,
2.7036783695220947,
2.6651692390441895,
2.6285336017608643,
2.582387685775757,
2.549659252166748,
2.508336305618286,
2.4694607257843018,
2.441791296005249,
2.4067392349243164,
2.3736414909362793,
2.3423516750335693,
2.3127360343933105,
2.2846741676330566,
2.2580556869506836,
2.226660966873169,
2.2029380798339844,
